StepWise synthetic software-test fixture
SYNTHETIC DATA - NOT CLINICAL OR HUMAN-SUBJECT DATA
Generated deterministically for parser, segmentation, API, and demo testing.
Fields: Sample SystemTime P1 P2 P3 P4 AccX AccY AccZ GyrX GyrY GyrZ Pitch Roll Yaw
--------------------------------------------------------------------------------
1 12:00:00.000 1.303829 76.024018 0.071646 0.000000 -0.017910 0.425714 9.786100 0.000000 0.000000 0.000000 0.000000 0.000000 0.000000
2 12:00:00.010 0.266153 91.486005 1.191944 0.000000 0.046564 0.391688 9.866851 0.026168 0.015701 0.007850 0.062803 0.000000 0.010467
3 12:00:00.020 0.000000 106.700609 1.799242 1.620752 0.050776 0.408326 9.864278 0.052264 0.031359 0.015679 0.125434 0.000000 0.020906
4 12:00:00.030 0.353742 122.986422 2.385886 0.000000 0.108565 0.406329 9.884803 0.078217 0.046930 0.023465 0.187721 0.000000 0.031287
5 12:00:00.040 0.537148 140.812248 2.188911 1.147865 0.134505 0.392052 9.942834 0.103956 0.062374 0.031187 0.249494 0.000000 0.041582
6 12:00:00.050 1.827227 155.571330 5.273976 0.000000 0.215629 0.390646 9.987482 0.129410 0.077646 0.038823 0.310583 0.000000 0.051764
7 12:00:00.060 0.000000 172.107850 5.690286 0.000000 0.204975 0.375054 9.986966 0.154508 0.092705 0.046353 0.370820 0.000000 0.061803
8 12:00:00.070 0.000000 184.065889 7.272475 0.000000 0.259010 0.413362 10.027121 0.179184 0.107510 0.053755 0.430042 0.000000 0.071674
9 12:00:00.080 0.000000 195.327121 6.653288 0.000000 0.376487 0.368959 10.103352 0.203368 0.122021 0.061010 0.488084 0.000000 0.081347
10 12:00:00.090 0.000000 202.727517 10.169742 0.000000 0.378364 0.353510 10.134765 0.226995 0.136197 0.068099 0.544789 0.000000 0.090798
11 12:00:00.100 0.000000 207.797769 11.338289 0.425395 0.427145 0.355132 10.154251 0.250000 0.150000 0.075000 0.600000 0.000000 0.100000
12 12:00:00.110 0.000000 211.316861 11.766439 1.394923 0.442215 0.339844 10.196386 0.272320 0.163392 0.081696 0.653567 0.000000 0.108928
13 12:00:00.120 1.775934 208.315521 15.280823 0.000000 0.476591 0.349248 10.187410 0.293893 0.176336 0.088168 0.705342 0.000000 0.117557
14 12:00:00.130 0.247870 204.213269 18.263551 0.000000 0.489672 0.306720 10.207729 0.314660 0.188796 0.094398 0.755184 0.000000 0.125864
15 12:00:00.140 0.254237 194.236032 21.678663 0.615079 0.523809 0.293847 10.248760 0.334565 0.200739 0.100370 0.802957 0.000000 0.133826
16 12:00:00.150 0.291899 184.304961 26.465688 0.000000 0.542238 0.299849 10.303643 0.353553 0.212132 0.106066 0.848528 0.000000 0.141421
17 12:00:00.160 0.427471 169.878775 27.584532 0.000000 0.565030 0.284166 10.337289 0.371572 0.222943 0.111472 0.891774 0.000000 0.148629
18 12:00:00.170 3.118502 154.935070 31.318353 0.342389 0.626809 0.278193 10.311597 0.388573 0.233144 0.116572 0.932575 0.000000 0.155429
19 12:00:00.180 1.573058 138.773378 35.737801 2.124686 0.652060 0.214487 10.371108 0.404508 0.242705 0.121353 0.970820 0.000000 0.161803
20 12:00:00.190 1.556581 122.792445 40.727543 2.366918 0.674869 0.218005 10.445833 0.419335 0.251601 0.125801 1.006405 0.000000 0.167734
21 12:00:00.200 1.894988 105.542408 44.398641 1.306198 0.669817 0.172415 10.366449 0.433013 0.259808 0.129904 1.039230 0.000000 0.173205
22 12:00:00.210 2.250228 91.706504 49.981247 3.777103 0.713686 0.180405 10.465890 0.445503 0.267302 0.133651 1.069208 0.000000 0.178201
23 12:00:00.220 3.085680 76.151152 52.760755 4.041443 0.750435 0.171244 10.459315 0.456773 0.274064 0.137032 1.096255 0.000000 0.182709
24 12:00:00.230 3.623806 64.129060 57.314293 4.828286 0.744356 0.162583 10.482124 0.466790 0.280074 0.140037 1.120297 0.000000 0.186716
25 12:00:00.240 5.947877 53.085608 61.104786 5.171994 0.746939 0.110574 10.437313 0.475528 0.285317 0.142658 1.141268 0.000000 0.190211
26 12:00:00.250 6.386835 41.245738 64.913668 8.001133 0.762826 0.078774 10.506711 0.482963 0.289778 0.144889 1.159111 0.000000 0.193185
27 12:00:00.260 8.096916 31.689060 68.351560 9.474227 0.770123 0.085322 10.505359 0.489074 0.293444 0.146722 1.173777 0.000000 0.195630
28 12:00:00.270 12.262553 24.797917 72.446357 12.982478 0.779484 0.068501 10.509788 0.493844 0.296307 0.148153 1.185226 0.000000 0.197538
29 12:00:00.280 13.544907 19.357133 73.249543 16.169830 0.826055 0.018733 10.471657 0.497261 0.298357 0.149178 1.193426 0.000000 0.198904
30 12:00:00.290 15.782080 14.611034 74.017846 17.029086 0.800398 0.002350 10.529537 0.499315 0.299589 0.149794 1.198355 0.000000 0.199726
31 12:00:00.300 20.059086 11.445646 75.370382 23.848102 0.810294 0.026673 10.509121 0.500000 0.300000 0.150000 1.200000 0.000000 0.200000
32 12:00:00.310 24.701300 8.432946 74.784044 26.677066 0.803561 -0.023328 10.491097 0.499315 0.299589 0.149794 1.198355 0.000000 0.199726
33 12:00:00.320 29.219095 5.172533 74.985243 32.752891 0.852841 -0.039135 10.470366 0.497261 0.298357 0.149178 1.193426 0.000000 0.198904
34 12:00:00.330 31.443531 2.945135 72.851013 38.254160 0.755076 -0.047080 10.506911 0.493844 0.296307 0.148153 1.185226 0.000000 0.197538
35 12:00:00.340 38.777509 2.781160 70.250961 42.163066 0.783963 -0.035862 10.485688 0.489074 0.293444 0.146722 1.173777 0.000000 0.195630
36 12:00:00.350 44.975173 1.757077 67.314548 48.734295 0.767406 -0.085661 10.475086 0.482963 0.289778 0.144889 1.159111 0.000000 0.193185
37 12:00:00.360 50.517585 1.556972 63.668053 54.475732 0.778818 -0.128294 10.501586 0.475528 0.285317 0.142658 1.141268 0.000000 0.190211
38 12:00:00.370 55.711932 1.117626 62.040294 61.094556 0.736276 -0.122478 10.462341 0.466790 0.280074 0.140037 1.120297 0.000000 0.186716
39 12:00:00.380 59.702663 0.000000 57.789422 69.599500 0.721518 -0.184612 10.453954 0.456773 0.274064 0.137032 1.096255 0.000000 0.182709
40 12:00:00.390 64.970042 1.898319 52.402180 75.440531 0.702618 -0.207018 10.476471 0.445503 0.267302 0.133651 1.069208 0.000000 0.178201
41 12:00:00.400 72.934282 1.225914 49.690471 81.598783 0.694472 -0.188908 10.400760 0.433013 0.259808 0.129904 1.039230 0.000000 0.173205
42 12:00:00.410 77.253474 1.053164 44.645948 86.705406 0.681413 -0.230432 10.412540 0.419335 0.251601 0.125801 1.006405 0.000000 0.167734
43 12:00:00.420 80.687871 0.000000 42.528449 89.310170 0.627228 -0.254494 10.362164 0.404508 0.242705 0.121353 0.970820 0.000000 0.161803
44 12:00:00.430 84.095168 0.000000 35.414843 94.631864 0.629929 -0.245290 10.370869 0.388573 0.233144 0.116572 0.932575 0.000000 0.155429
45 12:00:00.440 87.621408 0.000000 31.187837 98.726458 0.550569 -0.243968 10.340900 0.371572 0.222943 0.111472 0.891774 0.000000 0.148629
46 12:00:00.450 87.890516 0.201628 28.235700 100.204609 0.583858 -0.306043 10.302482 0.353553 0.212132 0.106066 0.848528 0.000000 0.141421
47 12:00:00.460 88.440671 0.000000 23.293162 99.737021 0.543414 -0.289445 10.285334 0.334565 0.200739 0.100370 0.802957 0.000000 0.133826
48 12:00:00.470 89.527226 0.602269 20.672094 100.850025 0.502386 -0.327623 10.245798 0.314660 0.188796 0.094398 0.755184 0.000000 0.125864
49 12:00:00.480 87.177709 0.000000 16.979921 98.948608 0.456528 -0.333372 10.206596 0.293893 0.176336 0.088168 0.705342 0.000000 0.117557
50 12:00:00.490 85.810342 0.566149 16.135470 97.024568 0.413538 -0.330232 10.235582 0.272320 0.163392 0.081696 0.653567 0.000000 0.108928
51 12:00:00.500 82.224629 0.000000 12.281211 92.692837 0.395691 -0.320509 10.217744 0.250000 0.150000 0.075000 0.600000 0.000000 0.100000
52 12:00:00.510 78.839575 0.000000 10.246473 90.903731 0.379476 -0.342706 10.175533 0.226995 0.136197 0.068099 0.544789 0.000000 0.090798
53 12:00:00.520 77.285349 0.000000 9.055419 83.055922 0.340243 -0.381618 10.088645 0.203368 0.122021 0.061010 0.488084 0.000000 0.081347
54 12:00:00.530 70.660367 0.282468 6.225406 78.374924 0.278618 -0.407159 10.021909 0.179184 0.107510 0.053755 0.430042 0.000000 0.071674
55 12:00:00.540 65.634576 0.000000 6.503945 71.244269 0.266351 -0.385377 10.034803 0.154508 0.092705 0.046353 0.370820 0.000000 0.061803
56 12:00:00.550 60.619837 0.000000 6.082627 66.132538 0.225025 -0.399996 9.971309 0.129410 0.077646 0.038823 0.310583 0.000000 0.051764
57 12:00:00.560 52.052562 0.020867 3.858375 58.869613 0.148818 -0.385813 9.971876 0.103956 0.062374 0.031187 0.249494 0.000000 0.041582
58 12:00:00.570 48.141536 0.000000 2.451617 53.991966 0.148936 -0.407961 9.942338 0.078217 0.046930 0.023465 0.187721 0.000000 0.031287
59 12:00:00.580 42.529768 0.000000 3.126349 46.832051 0.077118 -0.406192 9.839022 0.052264 0.031359 0.015679 0.125434 0.000000 0.020906
60 12:00:00.590 38.248493 0.000000 1.296939 42.173830 0.027775 -0.408314 9.920993 0.026168 0.015701 0.007850 0.062803 0.000000 0.010467
61 12:00:00.600 32.365504 1.146250 1.017814 35.732040 -0.008218 -0.439197 9.810405 0.000000 0.000000 0.000000 0.000000 0.000000 0.000000
62 12:00:00.610 26.036376 0.000000 0.703981 30.140937 -0.016478 -0.367011 9.811256 -0.026168 -0.015701 -0.007850 -0.062803 0.000000 -0.010467
63 12:00:00.620 0.000000 0.000000 0.000000 0.000000 -0.093264 -0.384290 9.729633 -0.052264 -0.031359 -0.015679 -0.125434 0.000000 -0.020906
64 12:00:00.630 0.000000 0.000000 0.000000 0.000000 -0.123687 -0.402366 9.692241 -0.078217 -0.046930 -0.023465 -0.187721 0.000000 -0.031287
65 12:00:00.640 0.000000 0.000000 0.000000 0.000000 -0.172124 -0.371136 9.618859 -0.103956 -0.062374 -0.031187 -0.249494 0.000000 -0.041582
66 12:00:00.650 0.000000 0.000000 0.000000 0.000000 -0.189282 -0.376686 9.645907 -0.129410 -0.077646 -0.038823 -0.310583 0.000000 -0.051764
67 12:00:00.660 0.000000 0.000000 0.000000 0.000000 -0.252433 -0.385887 9.596376 -0.154508 -0.092705 -0.046353 -0.370820 0.000000 -0.061803
68 12:00:00.670 0.000000 0.000000 0.000000 0.000000 -0.312488 -0.413328 9.504928 -0.179184 -0.107510 -0.053755 -0.430042 0.000000 -0.071674
69 12:00:00.680 0.000000 0.000000 0.000000 0.000000 -0.331976 -0.366393 9.534769 -0.203368 -0.122021 -0.061010 -0.488084 0.000000 -0.081347
70 12:00:00.690 0.000000 0.000000 0.000000 0.000000 -0.385291 -0.346814 9.495125 -0.226995 -0.136197 -0.068099 -0.544789 0.000000 -0.090798
71 12:00:00.700 0.000000 0.000000 0.000000 0.000000 -0.427674 -0.317099 9.457980 -0.250000 -0.150000 -0.075000 -0.600000 0.000000 -0.100000
72 12:00:00.710 0.000000 0.000000 0.000000 0.000000 -0.443047 -0.304088 9.372590 -0.272320 -0.163392 -0.081696 -0.653567 0.000000 -0.108928
73 12:00:00.720 0.000000 0.000000 0.000000 0.000000 -0.483631 -0.350410 9.425643 -0.293893 -0.176336 -0.088168 -0.705342 0.000000 -0.117557
74 12:00:00.730 0.000000 0.000000 0.000000 0.000000 -0.481024 -0.325044 9.386360 -0.314660 -0.188796 -0.094398 -0.755184 0.000000 -0.125864
75 12:00:00.740 0.000000 0.000000 0.000000 0.000000 -0.552713 -0.278484 9.249353 -0.334565 -0.200739 -0.100370 -0.802957 0.000000 -0.133826
76 12:00:00.750 0.000000 0.000000 0.000000 0.000000 -0.578147 -0.288634 9.261405 -0.353553 -0.212132 -0.106066 -0.848528 0.000000 -0.141421
77 12:00:00.760 0.000000 0.000000 0.000000 0.000000 -0.616137 -0.218128 9.312690 -0.371572 -0.222943 -0.111472 -0.891774 0.000000 -0.148629
78 12:00:00.770 0.000000 0.000000 0.000000 0.000000 -0.620240 -0.254671 9.226242 -0.388573 -0.233144 -0.116572 -0.932575 0.000000 -0.155429
79 12:00:00.780 0.000000 0.000000 0.000000 0.000000 -0.650328 -0.229996 9.262077 -0.404508 -0.242705 -0.121353 -0.970820 0.000000 -0.161803
80 12:00:00.790 0.000000 0.000000 0.000000 0.000000 -0.650081 -0.230011 9.175196 -0.419335 -0.251601 -0.125801 -1.006405 0.000000 -0.167734
81 12:00:00.800 0.000000 0.000000 0.000000 0.000000 -0.740574 -0.178625 9.208928 -0.433013 -0.259808 -0.129904 -1.039230 0.000000 -0.173205
82 12:00:00.810 0.000000 0.000000 0.000000 0.000000 -0.731908 -0.163809 9.178958 -0.445503 -0.267302 -0.133651 -1.069208 0.000000 -0.178201
83 12:00:00.820 0.000000 0.000000 0.000000 0.000000 -0.727184 -0.145052 9.144144 -0.456773 -0.274064 -0.137032 -1.096255 0.000000 -0.182709
84 12:00:00.830 0.000000 0.000000 0.000000 0.000000 -0.744121 -0.149229 9.141548 -0.466790 -0.280074 -0.140037 -1.120297 0.000000 -0.186716
85 12:00:00.840 0.000000 0.000000 0.000000 0.000000 -0.777650 -0.151367 9.092374 -0.475528 -0.285317 -0.142658 -1.141268 0.000000 -0.190211
86 12:00:00.850 0.000000 0.000000 0.000000 0.000000 -0.780755 -0.103079 9.117466 -0.482963 -0.289778 -0.144889 -1.159111 0.000000 -0.193185
87 12:00:00.860 0.000000 0.000000 0.000000 0.000000 -0.764689 -0.097002 9.144079 -0.489074 -0.293444 -0.146722 -1.173777 0.000000 -0.195630
88 12:00:00.870 0.000000 0.000000 0.000000 0.000000 -0.788363 -0.054065 9.144896 -0.493844 -0.296307 -0.148153 -1.185226 0.000000 -0.197538
89 12:00:00.880 0.000000 0.000000 0.000000 0.000000 -0.791567 0.003179 9.099281 -0.497261 -0.298357 -0.149178 -1.193426 0.000000 -0.198904
90 12:00:00.890 0.000000 0.000000 0.000000 0.000000 -0.807666 -0.043825 9.111751 -0.499315 -0.299589 -0.149794 -1.198355 0.000000 -0.199726
91 12:00:00.900 0.000000 0.000000 0.000000 0.000000 -0.800565 -0.000913 9.064510 -0.500000 -0.300000 -0.150000 -1.200000 0.000000 -0.200000
92 12:00:00.910 0.000000 0.000000 0.000000 0.000000 -0.781834 0.034362 9.134102 -0.499315 -0.299589 -0.149794 -1.198355 0.000000 -0.199726
93 12:00:00.920 0.000000 0.000000 0.000000 0.000000 -0.792728 -0.001456 9.108139 -0.497261 -0.298357 -0.149178 -1.193426 0.000000 -0.198904
94 12:00:00.930 0.000000 0.000000 0.000000 0.000000 -0.777214 0.066504 9.086495 -0.493844 -0.296307 -0.148153 -1.185226 0.000000 -0.197538
95 12:00:00.940 0.000000 0.000000 0.000000 0.000000 -0.794927 0.072984 9.124279 -0.489074 -0.293444 -0.146722 -1.173777 0.000000 -0.195630
96 12:00:00.950 0.000000 0.000000 0.000000 0.000000 -0.766050 0.097677 9.177212 -0.482963 -0.289778 -0.144889 -1.159111 0.000000 -0.193185
97 12:00:00.960 0.000000 0.000000 0.000000 0.000000 -0.765186 0.130330 9.120697 -0.475528 -0.285317 -0.142658 -1.141268 0.000000 -0.190211
98 12:00:00.970 0.000000 0.000000 0.000000 0.000000 -0.794849 0.120476 9.127381 -0.466790 -0.280074 -0.140037 -1.120297 0.000000 -0.186716
99 12:00:00.980 0.000000 0.000000 0.000000 0.000000 -0.745880 0.175837 9.173571 -0.456773 -0.274064 -0.137032 -1.096255 0.000000 -0.182709
100 12:00:00.990 0.000000 0.000000 0.000000 0.000000 -0.743076 0.175286 9.227734 -0.445503 -0.267302 -0.133651 -1.069208 0.000000 -0.178201
101 12:00:01.000 0.000000 0.000000 0.000000 0.000000 -0.680720 0.225625 9.163785 -0.433013 -0.259808 -0.129904 -1.039230 0.000000 -0.173205
102 12:00:01.010 0.000000 0.000000 0.000000 0.000000 -0.669545 0.249957 9.210760 -0.419335 -0.251601 -0.125801 -1.006405 0.000000 -0.167734
103 12:00:01.020 0.000000 0.000000 0.000000 0.000000 -0.661607 0.231404 9.291954 -0.404508 -0.242705 -0.121353 -0.970820 0.000000 -0.161803
104 12:00:01.030 0.000000 0.000000 0.000000 0.000000 -0.631887 0.273014 9.268450 -0.388573 -0.233144 -0.116572 -0.932575 0.000000 -0.155429
105 12:00:01.040 0.000000 0.000000 0.000000 0.000000 -0.620148 0.303748 9.266488 -0.371572 -0.222943 -0.111472 -0.891774 0.000000 -0.148629
106 12:00:01.050 0.000000 0.000000 0.000000 0.000000 -0.583610 0.297433 9.290241 -0.353553 -0.212132 -0.106066 -0.848528 0.000000 -0.141421
107 12:00:01.060 0.000000 0.000000 0.000000 0.000000 -0.528441 0.307461 9.333538 -0.334565 -0.200739 -0.100370 -0.802957 0.000000 -0.133826
108 12:00:01.070 0.000000 0.000000 0.000000 0.000000 -0.525117 0.326827 9.387145 -0.314660 -0.188796 -0.094398 -0.755184 0.000000 -0.125864
109 12:00:01.080 0.000000 0.000000 0.000000 0.000000 -0.469681 0.281089 9.397516 -0.293893 -0.176336 -0.088168 -0.705342 0.000000 -0.117557
110 12:00:01.090 0.000000 0.000000 0.000000 0.000000 -0.452945 0.367620 9.452400 -0.272320 -0.163392 -0.081696 -0.653567 0.000000 -0.108928
111 12:00:01.100 0.000000 0.000000 0.000000 0.000000 -0.369150 0.375916 9.500881 -0.250000 -0.150000 -0.075000 -0.600000 0.000000 -0.100000
112 12:00:01.110 0.000000 0.000000 0.000000 0.000000 -0.350829 0.355459 9.524091 -0.226995 -0.136197 -0.068099 -0.544789 0.000000 -0.090798
113 12:00:01.120 0.000000 0.000000 0.000000 0.000000 -0.311562 0.380057 9.560306 -0.203368 -0.122021 -0.061010 -0.488084 0.000000 -0.081347
114 12:00:01.130 0.000000 0.000000 0.000000 0.000000 -0.286563 0.384363 9.533249 -0.179184 -0.107510 -0.053755 -0.430042 0.000000 -0.071674
115 12:00:01.140 0.000000 0.000000 0.000000 0.000000 -0.271242 0.363590 9.627512 -0.154508 -0.092705 -0.046353 -0.370820 0.000000 -0.061803
116 12:00:01.150 0.000000 0.000000 0.000000 0.000000 -0.197340 0.377559 9.647556 -0.129410 -0.077646 -0.038823 -0.310583 0.000000 -0.051764
117 12:00:01.160 0.000000 0.000000 0.000000 0.000000 -0.191227 0.410202 9.642243 -0.103956 -0.062374 -0.031187 -0.249494 0.000000 -0.041582
118 12:00:01.170 0.000000 0.000000 0.000000 0.000000 -0.110790 0.417620 9.722427 -0.078217 -0.046930 -0.023465 -0.187721 0.000000 -0.031287
119 12:00:01.180 0.000000 0.000000 0.000000 0.000000 -0.081133 0.417339 9.674652 -0.052264 -0.031359 -0.015679 -0.125434 0.000000 -0.020906
120 12:00:01.190 0.000000 0.000000 0.000000 0.000000 -0.071967 0.388939 9.773406 -0.026168 -0.015701 -0.007850 -0.062803 0.000000 -0.010467
121 12:00:01.200 1.387629 77.465391 0.000000 2.358245 -0.017399 0.365107 9.821779 0.000000 0.000000 0.000000 0.000000 0.000000 0.000000
122 12:00:01.210 0.000000 91.204314 0.363014 0.000000 0.038432 0.394035 9.836901 0.026168 0.015701 0.007850 0.062803 0.000000 0.010467
123 12:00:01.220 0.484886 107.636916 1.142026 0.000000 0.079085 0.394836 9.818007 0.052264 0.031359 0.015679 0.125434 0.000000 0.020906
124 12:00:01.230 0.000000 123.333994 0.642609 0.380814 0.131338 0.391838 9.957409 0.078217 0.046930 0.023465 0.187721 0.000000 0.031287
125 12:00:01.240 0.000000 141.216732 1.322618 1.360457 0.142692 0.415899 9.975056 0.103956 0.062374 0.031187 0.249494 0.000000 0.041582
126 12:00:01.250 0.000000 156.853504 2.467079 0.000000 0.193864 0.385124 9.983609 0.129410 0.077646 0.038823 0.310583 0.000000 0.051764
127 12:00:01.260 1.102258 170.722412 3.546318 0.000000 0.230371 0.369561 9.988586 0.154508 0.092705 0.046353 0.370820 0.000000 0.061803
128 12:00:01.270 0.000000 183.703062 6.082378 1.111034 0.280341 0.358770 10.074425 0.179184 0.107510 0.053755 0.430042 0.000000 0.071674
129 12:00:01.280 0.525448 194.985511 7.457080 0.000000 0.318512 0.347339 10.136635 0.203368 0.122021 0.061010 0.488084 0.000000 0.081347
130 12:00:01.290 0.000000 203.262139 8.730038 0.000000 0.329202 0.344093 10.091403 0.226995 0.136197 0.068099 0.544789 0.000000 0.090798
131 12:00:01.300 1.438738 209.335200 9.206648 0.521699 0.412746 0.337778 10.201164 0.250000 0.150000 0.075000 0.600000 0.000000 0.100000
132 12:00:01.310 0.000000 208.990289 11.458370 0.226548 0.456292 0.319546 10.200963 0.272320 0.163392 0.081696 0.653567 0.000000 0.108928
133 12:00:01.320 1.145922 207.132721 15.449922 2.108231 0.416805 0.321803 10.221668 0.293893 0.176336 0.088168 0.705342 0.000000 0.117557
134 12:00:01.330 0.533190 203.932023 19.031174 0.000000 0.528023 0.292721 10.212693 0.314660 0.188796 0.094398 0.755184 0.000000 0.125864
135 12:00:01.340 0.000000 195.088290 21.735310 0.000000 0.547426 0.301118 10.249024 0.334565 0.200739 0.100370 0.802957 0.000000 0.133826
136 12:00:01.350 0.662212 182.600299 25.254544 0.000000 0.575554 0.271966 10.305320 0.353553 0.212132 0.106066 0.848528 0.000000 0.141421
137 12:00:01.360 1.635050 169.060347 28.364455 1.423725 0.580081 0.246968 10.383833 0.371572 0.222943 0.111472 0.891774 0.000000 0.148629
138 12:00:01.370 0.932382 154.798693 32.648587 1.148615 0.614134 0.242325 10.352886 0.388573 0.233144 0.116572 0.932575 0.000000 0.155429
139 12:00:01.380 2.044356 142.079523 37.201075 0.312534 0.659635 0.247311 10.384997 0.404508 0.242705 0.121353 0.970820 0.000000 0.161803
140 12:00:01.390 0.004969 122.865902 40.620334 1.488594 0.674521 0.220322 10.393396 0.419335 0.251601 0.125801 1.006405 0.000000 0.167734
141 12:00:01.400 3.535138 106.687594 45.526140 1.547510 0.666296 0.208153 10.386725 0.433013 0.259808 0.129904 1.039230 0.000000 0.173205
142 12:00:01.410 1.836642 91.331618 48.742009 2.673322 0.710211 0.188620 10.436477 0.445503 0.267302 0.133651 1.069208 0.000000 0.178201
143 12:00:01.420 3.754498 77.577063 55.015698 4.501223 0.731989 0.128480 10.462836 0.456773 0.274064 0.137032 1.096255 0.000000 0.182709
144 12:00:01.430 4.393482 61.391350 58.038388 4.070378 0.771025 0.119868 10.413054 0.466790 0.280074 0.140037 1.120297 0.000000 0.186716
145 12:00:01.440 6.369159 52.686362 60.191912 6.474696 0.747774 0.133512 10.408724 0.475528 0.285317 0.142658 1.141268 0.000000 0.190211
146 12:00:01.450 8.899497 40.036628 64.608155 8.058767 0.760931 0.119630 10.462997 0.482963 0.289778 0.144889 1.159111 0.000000 0.193185
147 12:00:01.460 6.907347 33.275213 67.461956 10.079199 0.749486 0.035837 10.504795 0.489074 0.293444 0.146722 1.173777 0.000000 0.195630
148 12:00:01.470 12.971840 24.895415 70.839001 12.969144 0.753762 0.104948 10.506617 0.493844 0.296307 0.148153 1.185226 0.000000 0.197538
149 12:00:01.480 13.118169 18.414588 72.462152 16.481107 0.785525 0.040253 10.528825 0.497261 0.298357 0.149178 1.193426 0.000000 0.198904
150 12:00:01.490 16.080661 14.359313 73.745273 19.960916 0.762565 0.023543 10.494770 0.499315 0.299589 0.149794 1.198355 0.000000 0.199726
151 12:00:01.500 21.097457 9.445630 74.755780 23.478576 0.803347 -0.020567 10.506967 0.500000 0.300000 0.150000 1.200000 0.000000 0.200000
152 12:00:01.510 21.459740 7.701697 76.013257 27.402375 0.806619 -0.045219 10.518180 0.499315 0.299589 0.149794 1.198355 0.000000 0.199726
153 12:00:01.520 27.720601 6.496036 74.148929 31.973569 0.798719 -0.045985 10.473168 0.497261 0.298357 0.149178 1.193426 0.000000 0.198904
154 12:00:01.530 33.955610 2.895112 70.614709 38.100443 0.787598 -0.072936 10.481161 0.493844 0.296307 0.148153 1.185226 0.000000 0.197538
155 12:00:01.540 37.744554 2.499185 71.455946 43.824744 0.792761 -0.124266 10.491303 0.489074 0.293444 0.146722 1.173777 0.000000 0.195630
156 12:00:01.550 43.170114 3.092399 67.453555 48.099013 0.789560 -0.092115 10.479324 0.482963 0.289778 0.144889 1.159111 0.000000 0.193185
157 12:00:01.560 49.884324 0.977237 66.233350 54.212765 0.752194 -0.143928 10.441714 0.475528 0.285317 0.142658 1.141268 0.000000 0.190211
158 12:00:01.570 55.442791 1.001366 62.441437 62.270755 0.721441 -0.119391 10.440209 0.466790 0.280074 0.140037 1.120297 0.000000 0.186716
159 12:00:01.580 60.697341 1.565220 56.162257 68.264586 0.730292 -0.153305 10.505829 0.456773 0.274064 0.137032 1.096255 0.000000 0.182709
160 12:00:01.590 66.599249 0.000000 55.070625 73.240329 0.729013 -0.185891 10.384097 0.445503 0.267302 0.133651 1.069208 0.000000 0.178201
161 12:00:01.600 71.203996 0.000000 48.536776 82.432918 0.735193 -0.198466 10.426398 0.433013 0.259808 0.129904 1.039230 0.000000 0.173205
162 12:00:01.610 77.249539 0.000000 46.354679 85.650247 0.684634 -0.197711 10.338151 0.419335 0.251601 0.125801 1.006405 0.000000 0.167734
163 12:00:01.620 80.232277 1.324235 39.819862 89.253122 0.649132 -0.235963 10.368454 0.404508 0.242705 0.121353 0.970820 0.000000 0.161803
164 12:00:01.630 83.459843 0.000000 35.921548 93.727305 0.581907 -0.236752 10.325115 0.388573 0.233144 0.116572 0.932575 0.000000 0.155429
165 12:00:01.640 86.803511 0.000000 31.977322 96.635716 0.587761 -0.261788 10.403743 0.371572 0.222943 0.111472 0.891774 0.000000 0.148629
166 12:00:01.650 87.254353 0.000000 26.921082 100.898065 0.581295 -0.289220 10.310904 0.353553 0.212132 0.106066 0.848528 0.000000 0.141421
167 12:00:01.660 87.822554 0.000000 23.397506 101.320128 0.516743 -0.280388 10.243554 0.334565 0.200739 0.100370 0.802957 0.000000 0.133826
168 12:00:01.670 89.364708 0.000000 20.419159 99.244094 0.484882 -0.306583 10.252224 0.314660 0.188796 0.094398 0.755184 0.000000 0.125864
169 12:00:01.680 86.718072 0.000000 17.736343 100.748761 0.461966 -0.340581 10.203056 0.293893 0.176336 0.088168 0.705342 0.000000 0.117557
170 12:00:01.690 87.499125 1.179524 16.170000 96.866626 0.435062 -0.354038 10.202325 0.272320 0.163392 0.081696 0.653567 0.000000 0.108928
171 12:00:01.700 84.859882 0.906749 12.776153 93.571511 0.407929 -0.368333 10.106632 0.250000 0.150000 0.075000 0.600000 0.000000 0.100000
172 12:00:01.710 79.672438 1.207253 9.571958 88.742200 0.405373 -0.355112 10.128936 0.226995 0.136197 0.068099 0.544789 0.000000 0.090798
173 12:00:01.720 74.512348 0.000000 8.647015 83.948344 0.338364 -0.345040 10.106609 0.203368 0.122021 0.061010 0.488084 0.000000 0.081347
174 12:00:01.730 70.743940 0.822655 6.457493 78.126966 0.282819 -0.374674 10.064997 0.179184 0.107510 0.053755 0.430042 0.000000 0.071674
175 12:00:01.740 65.737791 1.907947 4.327871 75.270801 0.239897 -0.407281 10.013764 0.154508 0.092705 0.046353 0.370820 0.000000 0.061803
176 12:00:01.750 58.859497 0.038983 4.522530 64.860976 0.221390 -0.415298 10.030724 0.129410 0.077646 0.038823 0.310583 0.000000 0.051764
177 12:00:01.760 51.264211 0.658696 3.808812 61.612297 0.139426 -0.383852 9.955786 0.103956 0.062374 0.031187 0.249494 0.000000 0.041582
178 12:00:01.770 46.861695 0.000000 3.370437 52.297710 0.167602 -0.423066 9.909056 0.078217 0.046930 0.023465 0.187721 0.000000 0.031287
179 12:00:01.780 42.567817 0.261971 1.336065 46.369185 0.089329 -0.401998 9.849039 0.052264 0.031359 0.015679 0.125434 0.000000 0.020906
180 12:00:01.790 39.454230 0.000000 3.031114 41.969837 0.026723 -0.427132 9.912913 0.026168 0.015701 0.007850 0.062803 0.000000 0.010467
181 12:00:01.800 32.434962 0.882897 0.693775 35.980815 -0.003815 -0.426572 9.772029 0.000000 0.000000 0.000000 0.000000 0.000000 0.000000
182 12:00:01.810 26.888202 0.000000 0.000000 30.582503 -0.040478 -0.426301 9.789395 -0.026168 -0.015701 -0.007850 -0.062803 0.000000 -0.010467
183 12:00:01.820 0.000000 0.000000 0.000000 0.000000 -0.057933 -0.359306 9.722694 -0.052264 -0.031359 -0.015679 -0.125434 0.000000 -0.020906
184 12:00:01.830 0.000000 0.000000 0.000000 0.000000 -0.106923 -0.411746 9.716880 -0.078217 -0.046930 -0.023465 -0.187721 0.000000 -0.031287
185 12:00:01.840 0.000000 0.000000 0.000000 0.000000 -0.152204 -0.384399 9.663249 -0.103956 -0.062374 -0.031187 -0.249494 0.000000 -0.041582
186 12:00:01.850 0.000000 0.000000 0.000000 0.000000 -0.181933 -0.394145 9.639959 -0.129410 -0.077646 -0.038823 -0.310583 0.000000 -0.051764
187 12:00:01.860 0.000000 0.000000 0.000000 0.000000 -0.236659 -0.385992 9.579277 -0.154508 -0.092705 -0.046353 -0.370820 0.000000 -0.061803
188 12:00:01.870 0.000000 0.000000 0.000000 0.000000 -0.255515 -0.357317 9.604515 -0.179184 -0.107510 -0.053755 -0.430042 0.000000 -0.071674
189 12:00:01.880 0.000000 0.000000 0.000000 0.000000 -0.339098 -0.339405 9.558202 -0.203368 -0.122021 -0.061010 -0.488084 0.000000 -0.081347
190 12:00:01.890 0.000000 0.000000 0.000000 0.000000 -0.342756 -0.388367 9.494403 -0.226995 -0.136197 -0.068099 -0.544789 0.000000 -0.090798
191 12:00:01.900 0.000000 0.000000 0.000000 0.000000 -0.397539 -0.376861 9.423451 -0.250000 -0.150000 -0.075000 -0.600000 0.000000 -0.100000
192 12:00:01.910 0.000000 0.000000 0.000000 0.000000 -0.439554 -0.343146 9.410120 -0.272320 -0.163392 -0.081696 -0.653567 0.000000 -0.108928
193 12:00:01.920 0.000000 0.000000 0.000000 0.000000 -0.456822 -0.322629 9.407814 -0.293893 -0.176336 -0.088168 -0.705342 0.000000 -0.117557
194 12:00:01.930 0.000000 0.000000 0.000000 0.000000 -0.493930 -0.313729 9.428461 -0.314660 -0.188796 -0.094398 -0.755184 0.000000 -0.125864
195 12:00:01.940 0.000000 0.000000 0.000000 0.000000 -0.543611 -0.291841 9.343930 -0.334565 -0.200739 -0.100370 -0.802957 0.000000 -0.133826
196 12:00:01.950 0.000000 0.000000 0.000000 0.000000 -0.521440 -0.285757 9.276410 -0.353553 -0.212132 -0.106066 -0.848528 0.000000 -0.141421
197 12:00:01.960 0.000000 0.000000 0.000000 0.000000 -0.638682 -0.286708 9.270358 -0.371572 -0.222943 -0.111472 -0.891774 0.000000 -0.148629
198 12:00:01.970 0.000000 0.000000 0.000000 0.000000 -0.630913 -0.254751 9.207667 -0.388573 -0.233144 -0.116572 -0.932575 0.000000 -0.155429
199 12:00:01.980 0.000000 0.000000 0.000000 0.000000 -0.652786 -0.246543 9.262782 -0.404508 -0.242705 -0.121353 -0.970820 0.000000 -0.161803
200 12:00:01.990 0.000000 0.000000 0.000000 0.000000 -0.670479 -0.206673 9.251208 -0.419335 -0.251601 -0.125801 -1.006405 0.000000 -0.167734
201 12:00:02.000 0.000000 0.000000 0.000000 0.000000 -0.719732 -0.204217 9.206552 -0.433013 -0.259808 -0.129904 -1.039230 0.000000 -0.173205
202 12:00:02.010 0.000000 0.000000 0.000000 0.000000 -0.727768 -0.214263 9.196257 -0.445503 -0.267302 -0.133651 -1.069208 0.000000 -0.178201
203 12:00:02.020 0.000000 0.000000 0.000000 0.000000 -0.749610 -0.158768 9.196626 -0.456773 -0.274064 -0.137032 -1.096255 0.000000 -0.182709
204 12:00:02.030 0.000000 0.000000 0.000000 0.000000 -0.750094 -0.167864 9.100599 -0.466790 -0.280074 -0.140037 -1.120297 0.000000 -0.186716
205 12:00:02.040 0.000000 0.000000 0.000000 0.000000 -0.743850 -0.109070 9.125976 -0.475528 -0.285317 -0.142658 -1.141268 0.000000 -0.190211
206 12:00:02.050 0.000000 0.000000 0.000000 0.000000 -0.784728 -0.126908 9.131642 -0.482963 -0.289778 -0.144889 -1.159111 0.000000 -0.193185
207 12:00:02.060 0.000000 0.000000 0.000000 0.000000 -0.791868 -0.066240 9.099314 -0.489074 -0.293444 -0.146722 -1.173777 0.000000 -0.195630
208 12:00:02.070 0.000000 0.000000 0.000000 0.000000 -0.815651 -0.043324 9.103711 -0.493844 -0.296307 -0.148153 -1.185226 0.000000 -0.197538
209 12:00:02.080 0.000000 0.000000 0.000000 0.000000 -0.791827 -0.063901 9.066552 -0.497261 -0.298357 -0.149178 -1.193426 0.000000 -0.198904
210 12:00:02.090 0.000000 0.000000 0.000000 0.000000 -0.794576 -0.036704 9.116375 -0.499315 -0.299589 -0.149794 -1.198355 0.000000 -0.199726
211 12:00:02.100 0.000000 0.000000 0.000000 0.000000 -0.816084 0.010639 9.061051 -0.500000 -0.300000 -0.150000 -1.200000 0.000000 -0.200000
212 12:00:02.110 0.000000 0.000000 0.000000 0.000000 -0.770142 0.035011 9.102776 -0.499315 -0.299589 -0.149794 -1.198355 0.000000 -0.199726
213 12:00:02.120 0.000000 0.000000 0.000000 0.000000 -0.770739 0.035033 9.124673 -0.497261 -0.298357 -0.149178 -1.193426 0.000000 -0.198904
214 12:00:02.130 0.000000 0.000000 0.000000 0.000000 -0.790225 0.062806 9.116139 -0.493844 -0.296307 -0.148153 -1.185226 0.000000 -0.197538
215 12:00:02.140 0.000000 0.000000 0.000000 0.000000 -0.781074 0.083234 9.144356 -0.489074 -0.293444 -0.146722 -1.173777 0.000000 -0.195630
216 12:00:02.150 0.000000 0.000000 0.000000 0.000000 -0.737925 0.088167 9.140861 -0.482963 -0.289778 -0.144889 -1.159111 0.000000 -0.193185
217 12:00:02.160 0.000000 0.000000 0.000000 0.000000 -0.734799 0.117414 9.139216 -0.475528 -0.285317 -0.142658 -1.141268 0.000000 -0.190211
218 12:00:02.170 0.000000 0.000000 0.000000 0.000000 -0.725746 0.121869 9.144005 -0.466790 -0.280074 -0.140037 -1.120297 0.000000 -0.186716
219 12:00:02.180 0.000000 0.000000 0.000000 0.000000 -0.736837 0.174114 9.157519 -0.456773 -0.274064 -0.137032 -1.096255 0.000000 -0.182709
220 12:00:02.190 0.000000 0.000000 0.000000 0.000000 -0.736542 0.165888 9.149150 -0.445503 -0.267302 -0.133651 -1.069208 0.000000 -0.178201
221 12:00:02.200 0.000000 0.000000 0.000000 0.000000 -0.685942 0.238969 9.184367 -0.433013 -0.259808 -0.129904 -1.039230 0.000000 -0.173205
222 12:00:02.210 0.000000 0.000000 0.000000 0.000000 -0.663585 0.227599 9.242093 -0.419335 -0.251601 -0.125801 -1.006405 0.000000 -0.167734
223 12:00:02.220 0.000000 0.000000 0.000000 0.000000 -0.647653 0.217314 9.207962 -0.404508 -0.242705 -0.121353 -0.970820 0.000000 -0.161803
224 12:00:02.230 0.000000 0.000000 0.000000 0.000000 -0.597391 0.260037 9.258255 -0.388573 -0.233144 -0.116572 -0.932575 0.000000 -0.155429
225 12:00:02.240 0.000000 0.000000 0.000000 0.000000 -0.595471 0.280050 9.298562 -0.371572 -0.222943 -0.111472 -0.891774 0.000000 -0.148629
226 12:00:02.250 0.000000 0.000000 0.000000 0.000000 -0.578035 0.268971 9.329081 -0.353553 -0.212132 -0.106066 -0.848528 0.000000 -0.141421
227 12:00:02.260 0.000000 0.000000 0.000000 0.000000 -0.538855 0.283974 9.342121 -0.334565 -0.200739 -0.100370 -0.802957 0.000000 -0.133826
228 12:00:02.270 0.000000 0.000000 0.000000 0.000000 -0.515291 0.326635 9.377293 -0.314660 -0.188796 -0.094398 -0.755184 0.000000 -0.125864
229 12:00:02.280 0.000000 0.000000 0.000000 0.000000 -0.493267 0.329317 9.477445 -0.293893 -0.176336 -0.088168 -0.705342 0.000000 -0.117557
230 12:00:02.290 0.000000 0.000000 0.000000 0.000000 -0.424123 0.330535 9.446345 -0.272320 -0.163392 -0.081696 -0.653567 0.000000 -0.108928
231 12:00:02.300 0.000000 0.000000 0.000000 0.000000 -0.426423 0.355906 9.464253 -0.250000 -0.150000 -0.075000 -0.600000 0.000000 -0.100000
232 12:00:02.310 0.000000 0.000000 0.000000 0.000000 -0.380456 0.376923 9.479727 -0.226995 -0.136197 -0.068099 -0.544789 0.000000 -0.090798
233 12:00:02.320 0.000000 0.000000 0.000000 0.000000 -0.334290 0.334481 9.480290 -0.203368 -0.122021 -0.061010 -0.488084 0.000000 -0.081347
234 12:00:02.330 0.000000 0.000000 0.000000 0.000000 -0.333952 0.340765 9.518349 -0.179184 -0.107510 -0.053755 -0.430042 0.000000 -0.071674
235 12:00:02.340 0.000000 0.000000 0.000000 0.000000 -0.249016 0.381144 9.565701 -0.154508 -0.092705 -0.046353 -0.370820 0.000000 -0.061803
236 12:00:02.350 0.000000 0.000000 0.000000 0.000000 -0.220229 0.378672 9.646489 -0.129410 -0.077646 -0.038823 -0.310583 0.000000 -0.051764
237 12:00:02.360 0.000000 0.000000 0.000000 0.000000 -0.164826 0.403854 9.714978 -0.103956 -0.062374 -0.031187 -0.249494 0.000000 -0.041582
238 12:00:02.370 0.000000 0.000000 0.000000 0.000000 -0.085134 0.425181 9.775080 -0.078217 -0.046930 -0.023465 -0.187721 0.000000 -0.031287
239 12:00:02.380 0.000000 0.000000 0.000000 0.000000 -0.101197 0.393063 9.743381 -0.052264 -0.031359 -0.015679 -0.125434 0.000000 -0.020906
240 12:00:02.390 0.000000 0.000000 0.000000 0.000000 -0.015843 0.412204 9.728411 -0.026168 -0.015701 -0.007850 -0.062803 0.000000 -0.010467
