StepWise synthetic software-test fixture
SYNTHETIC DATA - NOT CLINICAL OR HUMAN-SUBJECT DATA
Generated deterministically for parser, segmentation, API, and demo testing.
Fields: Sample SystemTime P1 P2 P3 P4 AccX AccY AccZ GyrX GyrY GyrZ Pitch Roll Yaw
--------------------------------------------------------------------------------
1 11:59:00.000 69.961908 120.126233 65.465458 75.703669 0.010769 -0.011149 9.809345 0.000000 0.000000 0.000000 0.000000 0.000000 0.000000
2 11:59:00.010 69.917675 120.075617 64.574862 75.561420 0.011767 0.004547 9.808652 0.000000 0.000000 0.000000 0.000000 0.000000 0.000000
3 11:59:00.020 70.123041 120.424689 65.140168 75.119295 0.016223 0.010757 9.820148 0.000000 0.000000 0.000000 0.000000 0.000000 0.000000
4 11:59:00.030 69.879112 119.946942 64.689259 75.452821 0.010348 0.011401 9.817995 0.000000 0.000000 0.000000 0.000000 0.000000 0.000000
5 11:59:00.040 70.294039 119.939087 65.316777 75.376711 -0.003619 0.009666 9.804719 0.000000 0.000000 0.000000 0.000000 0.000000 0.000000
6 11:59:00.050 69.819456 120.793485 64.398900 74.695651 -0.002154 -0.018823 9.802905 0.000000 0.000000 0.000000 0.000000 0.000000 0.000000
7 11:59:00.060 69.237919 119.502395 65.103486 75.700804 0.012089 0.011971 9.804897 0.000000 0.000000 0.000000 0.000000 0.000000 0.000000
8 11:59:00.070 70.073070 120.180254 64.719570 76.204939 -0.009376 -0.007458 9.811553 0.000000 0.000000 0.000000 0.000000 0.000000 0.000000
9 11:59:00.080 68.914760 120.195140 65.048380 75.276640 0.010097 0.016749 9.806372 0.000000 0.000000 0.000000 0.000000 0.000000 0.000000
10 11:59:00.090 69.363530 118.703963 64.973847 75.338357 0.003823 -0.002632 9.797536 0.000000 0.000000 0.000000 0.000000 0.000000 0.000000
11 11:59:00.100 70.107726 119.354504 66.374508 75.020547 0.010337 0.006588 9.796986 0.000000 0.000000 0.000000 0.000000 0.000000 0.000000
12 11:59:00.110 69.400250 121.129196 64.905448 75.467436 0.007734 0.001399 9.822360 0.000000 0.000000 0.000000 0.000000 0.000000 0.000000
13 11:59:00.120 70.197991 118.860880 65.405270 74.293556 -0.005067 -0.014620 9.809730 0.000000 0.000000 0.000000 0.000000 0.000000 0.000000
14 11:59:00.130 69.431163 120.179173 64.786493 75.110664 -0.001627 0.008398 9.803001 0.000000 0.000000 0.000000 0.000000 0.000000 0.000000
15 11:59:00.140 70.219647 120.289659 64.883269 74.711265 -0.010868 0.008718 9.800814 0.000000 0.000000 0.000000 0.000000 0.000000 0.000000
16 11:59:00.150 70.320084 119.728020 64.223997 74.979583 0.003998 -0.003261 9.807719 0.000000 0.000000 0.000000 0.000000 0.000000 0.000000
17 11:59:00.160 70.249535 120.508167 65.879076 74.786363 0.000585 -0.003298 9.820789 0.000000 0.000000 0.000000 0.000000 0.000000 0.000000
18 11:59:00.170 70.553182 119.493567 64.491778 75.411758 -0.001331 0.013726 9.817685 0.000000 0.000000 0.000000 0.000000 0.000000 0.000000
19 11:59:00.180 70.726278 119.966052 64.984792 75.181635 0.001146 0.009056 9.804560 0.000000 0.000000 0.000000 0.000000 0.000000 0.000000
20 11:59:00.190 68.924821 120.401712 65.057370 74.406426 0.009068 -0.004057 9.795068 0.000000 0.000000 0.000000 0.000000 0.000000 0.000000
21 11:59:00.200 69.123198 119.693753 64.178674 75.276405 -0.006229 0.002865 9.814753 0.000000 0.000000 0.000000 0.000000 0.000000 0.000000
22 11:59:00.210 69.809030 120.496881 64.890218 74.810724 0.018972 0.000755 9.807921 0.000000 0.000000 0.000000 0.000000 0.000000 0.000000
23 11:59:00.220 69.747785 119.757463 65.374966 74.705571 -0.013373 -0.011711 9.801579 0.000000 0.000000 0.000000 0.000000 0.000000 0.000000
24 11:59:00.230 69.193402 118.836077 64.159630 75.141510 0.017063 0.019282 9.823572 0.000000 0.000000 0.000000 0.000000 0.000000 0.000000
25 11:59:00.240 70.485115 120.871135 65.375048 75.641839 0.013659 -0.001632 9.806966 0.000000 0.000000 0.000000 0.000000 0.000000 0.000000
26 11:59:00.250 69.574543 119.308199 65.816297 74.946423 -0.009550 -0.024344 9.815605 0.000000 0.000000 0.000000 0.000000 0.000000 0.000000
27 11:59:00.260 69.848984 119.435634 64.719795 76.347303 -0.002739 0.003476 9.808564 0.000000 0.000000 0.000000 0.000000 0.000000 0.000000
28 11:59:00.270 70.211458 120.445816 65.077647 75.649553 0.010273 -0.000734 9.809786 0.000000 0.000000 0.000000 0.000000 0.000000 0.000000
29 11:59:00.280 70.270112 120.080318 64.921297 75.306605 -0.000954 0.000540 9.807227 0.000000 0.000000 0.000000 0.000000 0.000000 0.000000
30 11:59:00.290 70.135043 120.768226 65.425454 74.984362 0.001505 -0.019139 9.807646 0.000000 0.000000 0.000000 0.000000 0.000000 0.000000
31 11:59:00.300 69.320539 119.955954 65.063909 75.215212 0.003419 -0.002146 9.800832 0.000000 0.000000 0.000000 0.000000 0.000000 0.000000
32 11:59:00.310 70.177003 120.131767 66.447133 74.850309 0.008478 0.001039 9.809063 0.000000 0.000000 0.000000 0.000000 0.000000 0.000000
33 11:59:00.320 70.086708 120.671089 64.412436 75.702605 0.010482 0.005118 9.817650 0.000000 0.000000 0.000000 0.000000 0.000000 0.000000
34 11:59:00.330 69.594528 119.840369 64.861021 75.049000 0.002109 -0.000480 9.813784 0.000000 0.000000 0.000000 0.000000 0.000000 0.000000
35 11:59:00.340 70.065897 119.824264 65.366094 75.744474 -0.002206 -0.001473 9.809911 0.000000 0.000000 0.000000 0.000000 0.000000 0.000000
36 11:59:00.350 69.689903 119.489298 64.931058 74.527850 -0.011155 0.012930 9.808378 0.000000 0.000000 0.000000 0.000000 0.000000 0.000000
37 11:59:00.360 69.821942 120.528360 64.870241 74.389489 0.028329 0.006075 9.791608 0.000000 0.000000 0.000000 0.000000 0.000000 0.000000
38 11:59:00.370 70.166788 120.543471 65.530242 73.970460 0.005649 0.002260 9.819364 0.000000 0.000000 0.000000 0.000000 0.000000 0.000000
39 11:59:00.380 70.456176 119.794372 64.989254 75.100122 0.002023 0.009601 9.795947 0.000000 0.000000 0.000000 0.000000 0.000000 0.000000
40 11:59:00.390 69.675427 119.625992 66.215299 76.370130 0.003832 0.016273 9.816682 0.000000 0.000000 0.000000 0.000000 0.000000 0.000000
41 11:59:00.400 69.687545 121.066748 64.539979 75.533563 0.001635 -0.013913 9.809146 0.000000 0.000000 0.000000 0.000000 0.000000 0.000000
42 11:59:00.410 70.445814 120.141698 65.158996 74.614084 -0.000643 -0.017547 9.817386 0.000000 0.000000 0.000000 0.000000 0.000000 0.000000
43 11:59:00.420 69.808281 120.038093 64.885000 73.864695 -0.001130 0.010620 9.808082 0.000000 0.000000 0.000000 0.000000 0.000000 0.000000
44 11:59:00.430 70.419962 119.670367 64.430173 75.049015 0.012174 0.009394 9.816292 0.000000 0.000000 0.000000 0.000000 0.000000 0.000000
45 11:59:00.440 69.995964 120.330775 64.529115 75.096180 -0.004227 0.000997 9.801443 0.000000 0.000000 0.000000 0.000000 0.000000 0.000000
46 11:59:00.450 70.069120 119.886168 65.235270 74.706275 0.005667 -0.024124 9.817791 0.000000 0.000000 0.000000 0.000000 0.000000 0.000000
47 11:59:00.460 69.624678 119.619154 65.411784 74.967113 0.007263 -0.002718 9.822411 0.000000 0.000000 0.000000 0.000000 0.000000 0.000000
48 11:59:00.470 70.961091 119.666651 65.546680 74.198194 0.020887 0.003679 9.805337 0.000000 0.000000 0.000000 0.000000 0.000000 0.000000
49 11:59:00.480 69.857909 120.748893 65.409629 74.874293 0.002461 -0.002203 9.818843 0.000000 0.000000 0.000000 0.000000 0.000000 0.000000
50 11:59:00.490 70.284625 120.627905 64.907509 75.166730 -0.005847 0.011304 9.810484 0.000000 0.000000 0.000000 0.000000 0.000000 0.000000
51 11:59:00.500 70.125192 120.229302 65.061347 74.799776 -0.000743 -0.004587 9.816474 0.000000 0.000000 0.000000 0.000000 0.000000 0.000000
52 11:59:00.510 71.079789 120.067464 63.389632 75.445326 0.006877 0.015943 9.793923 0.000000 0.000000 0.000000 0.000000 0.000000 0.000000
53 11:59:00.520 70.010064 119.236439 64.483833 75.124010 -0.020159 0.005266 9.791599 0.000000 0.000000 0.000000 0.000000 0.000000 0.000000
54 11:59:00.530 68.922746 120.071363 64.623254 75.026860 0.003944 0.017477 9.808993 0.000000 0.000000 0.000000 0.000000 0.000000 0.000000
55 11:59:00.540 69.864842 119.354867 65.806997 74.662851 -0.005538 0.005784 9.803792 0.000000 0.000000 0.000000 0.000000 0.000000 0.000000
56 11:59:00.550 70.387614 120.443032 64.500435 74.239382 0.006156 -0.001686 9.805054 0.000000 0.000000 0.000000 0.000000 0.000000 0.000000
57 11:59:00.560 70.633377 119.947748 65.714570 75.637941 -0.006965 -0.004625 9.802293 0.000000 0.000000 0.000000 0.000000 0.000000 0.000000
58 11:59:00.570 69.304678 120.071938 64.165555 75.021833 0.001908 -0.004099 9.820929 0.000000 0.000000 0.000000 0.000000 0.000000 0.000000
59 11:59:00.580 71.129431 119.958089 64.421781 75.643079 0.009051 0.003718 9.805363 0.000000 0.000000 0.000000 0.000000 0.000000 0.000000
60 11:59:00.590 69.943524 119.726364 64.904195 76.042366 0.005942 0.007059 9.807128 0.000000 0.000000 0.000000 0.000000 0.000000 0.000000
61 11:59:00.600 70.059017 120.269958 65.463476 75.298549 0.010787 0.010814 9.805600 0.000000 0.000000 0.000000 0.000000 0.000000 0.000000
62 11:59:00.610 70.261480 120.468415 64.909280 75.122077 0.012296 -0.000910 9.819033 0.000000 0.000000 0.000000 0.000000 0.000000 0.000000
63 11:59:00.620 69.281768 119.810735 65.001069 75.272939 -0.007082 -0.014072 9.812293 0.000000 0.000000 0.000000 0.000000 0.000000 0.000000
64 11:59:00.630 69.494598 120.441161 64.122190 75.002631 -0.012514 0.007397 9.816506 0.000000 0.000000 0.000000 0.000000 0.000000 0.000000
65 11:59:00.640 70.252979 120.089146 64.859055 75.225940 -0.004655 0.030480 9.810247 0.000000 0.000000 0.000000 0.000000 0.000000 0.000000
66 11:59:00.650 69.202480 120.107428 66.552508 74.781752 0.002209 -0.006791 9.805731 0.000000 0.000000 0.000000 0.000000 0.000000 0.000000
67 11:59:00.660 70.360706 119.376322 64.917942 75.311191 0.010624 -0.001823 9.808645 0.000000 0.000000 0.000000 0.000000 0.000000 0.000000
68 11:59:00.670 70.376528 119.210191 64.842936 75.244826 0.001800 0.002371 9.817683 0.000000 0.000000 0.000000 0.000000 0.000000 0.000000
69 11:59:00.680 70.773741 120.188092 65.090182 74.766781 0.002931 0.012822 9.820420 0.000000 0.000000 0.000000 0.000000 0.000000 0.000000
70 11:59:00.690 70.092327 119.595633 64.575787 74.916259 0.004867 0.006703 9.835057 0.000000 0.000000 0.000000 0.000000 0.000000 0.000000
71 11:59:00.700 69.519005 120.329768 64.834242 75.427284 0.012485 0.001651 9.826233 0.000000 0.000000 0.000000 0.000000 0.000000 0.000000
72 11:59:00.710 68.644324 120.566552 64.203560 74.822397 0.020082 0.004860 9.812108 0.000000 0.000000 0.000000 0.000000 0.000000 0.000000
73 11:59:00.720 70.148703 119.525155 64.870058 75.616756 -0.012504 0.025353 9.814270 0.000000 0.000000 0.000000 0.000000 0.000000 0.000000
74 11:59:00.730 69.556521 120.178510 66.232039 74.757694 -0.006011 -0.007487 9.793623 0.000000 0.000000 0.000000 0.000000 0.000000 0.000000
75 11:59:00.740 70.509838 119.382030 64.723066 73.935437 0.013644 0.013382 9.798766 0.000000 0.000000 0.000000 0.000000 0.000000 0.000000
76 11:59:00.750 70.350668 120.337930 65.653623 75.452962 0.003111 0.005232 9.807117 0.000000 0.000000 0.000000 0.000000 0.000000 0.000000
77 11:59:00.760 70.474507 120.164998 65.420805 75.425634 0.005711 0.011052 9.819178 0.000000 0.000000 0.000000 0.000000 0.000000 0.000000
78 11:59:00.770 69.564829 120.021381 64.824756 74.557969 0.001021 -0.008298 9.806171 0.000000 0.000000 0.000000 0.000000 0.000000 0.000000
79 11:59:00.780 69.987146 119.843424 65.505940 75.783207 0.009202 0.006099 9.806800 0.000000 0.000000 0.000000 0.000000 0.000000 0.000000
80 11:59:00.790 69.228986 119.654861 64.793875 74.515318 0.000854 0.010441 9.808691 0.000000 0.000000 0.000000 0.000000 0.000000 0.000000
81 11:59:00.800 69.745652 119.086016 64.926485 74.252691 -0.001178 0.009186 9.811380 0.000000 0.000000 0.000000 0.000000 0.000000 0.000000
82 11:59:00.810 69.986542 120.078837 64.948982 75.194719 -0.012050 0.006621 9.811788 0.000000 0.000000 0.000000 0.000000 0.000000 0.000000
83 11:59:00.820 68.969294 120.145889 64.814505 75.959481 -0.001496 -0.005474 9.796423 0.000000 0.000000 0.000000 0.000000 0.000000 0.000000
84 11:59:00.830 70.455144 120.070165 65.170737 74.226457 0.013249 0.002731 9.785005 0.000000 0.000000 0.000000 0.000000 0.000000 0.000000
85 11:59:00.840 69.571986 118.958510 64.983393 75.489854 0.002285 -0.002823 9.811850 0.000000 0.000000 0.000000 0.000000 0.000000 0.000000
86 11:59:00.850 70.585827 120.084047 64.198526 74.437278 0.005913 -0.013682 9.811904 0.000000 0.000000 0.000000 0.000000 0.000000 0.000000
87 11:59:00.860 69.183003 120.260299 64.485484 75.150417 -0.002934 0.010098 9.820477 0.000000 0.000000 0.000000 0.000000 0.000000 0.000000
88 11:59:00.870 70.996564 120.509905 65.820465 74.875083 -0.004614 0.010982 9.824492 0.000000 0.000000 0.000000 0.000000 0.000000 0.000000
89 11:59:00.880 69.580866 118.834513 64.823812 75.616387 0.005593 -0.007752 9.821338 0.000000 0.000000 0.000000 0.000000 0.000000 0.000000
90 11:59:00.890 69.979832 119.761017 65.711633 74.983668 -0.003428 0.007810 9.805474 0.000000 0.000000 0.000000 0.000000 0.000000 0.000000
91 11:59:00.900 70.490484 120.483492 65.366503 75.366571 0.010956 -0.002191 9.810183 0.000000 0.000000 0.000000 0.000000 0.000000 0.000000
92 11:59:00.910 70.514418 119.574511 65.042464 74.262455 0.000604 0.009139 9.817683 0.000000 0.000000 0.000000 0.000000 0.000000 0.000000
93 11:59:00.920 70.766423 120.154987 65.701624 74.777007 0.003994 -0.006136 9.816787 0.000000 0.000000 0.000000 0.000000 0.000000 0.000000
94 11:59:00.930 70.566827 120.033357 64.506307 74.990557 -0.002502 -0.013570 9.815534 0.000000 0.000000 0.000000 0.000000 0.000000 0.000000
95 11:59:00.940 70.026162 121.215121 64.601456 74.842944 -0.002337 0.001342 9.798602 0.000000 0.000000 0.000000 0.000000 0.000000 0.000000
96 11:59:00.950 69.236685 119.963852 65.390626 74.703082 0.001008 0.006875 9.820505 0.000000 0.000000 0.000000 0.000000 0.000000 0.000000
97 11:59:00.960 70.159329 119.712991 64.769102 75.022579 -0.016316 -0.025980 9.815219 0.000000 0.000000 0.000000 0.000000 0.000000 0.000000
98 11:59:00.970 69.453309 120.378816 64.741671 75.823359 0.001532 0.009610 9.815207 0.000000 0.000000 0.000000 0.000000 0.000000 0.000000
99 11:59:00.980 70.254636 119.881328 64.776032 74.552305 -0.018820 0.009656 9.799335 0.000000 0.000000 0.000000 0.000000 0.000000 0.000000
100 11:59:00.990 69.527149 120.462716 65.091594 75.134711 0.018364 0.002718 9.812262 0.000000 0.000000 0.000000 0.000000 0.000000 0.000000
101 11:59:01.000 69.658999 119.344552 65.061443 75.390882 0.027574 0.000774 9.803748 0.000000 0.000000 0.000000 0.000000 0.000000 0.000000
102 11:59:01.010 69.977227 119.985738 65.032108 74.857818 -0.020113 -0.001544 9.799570 0.000000 0.000000 0.000000 0.000000 0.000000 0.000000
103 11:59:01.020 69.758689 119.869047 64.629651 74.510792 -0.011664 -0.009855 9.810516 0.000000 0.000000 0.000000 0.000000 0.000000 0.000000
104 11:59:01.030 70.010266 120.393446 65.696171 74.765385 0.011072 0.014217 9.807970 0.000000 0.000000 0.000000 0.000000 0.000000 0.000000
105 11:59:01.040 69.575430 120.507301 65.799334 75.238153 -0.012442 0.011787 9.817413 0.000000 0.000000 0.000000 0.000000 0.000000 0.000000
106 11:59:01.050 69.693164 119.540787 64.516477 75.325396 0.012078 -0.000247 9.807585 0.000000 0.000000 0.000000 0.000000 0.000000 0.000000
107 11:59:01.060 69.595753 120.801866 64.670772 74.490113 0.004440 0.003922 9.818264 0.000000 0.000000 0.000000 0.000000 0.000000 0.000000
108 11:59:01.070 69.907513 119.968358 65.188577 75.118781 0.019060 -0.004463 9.818938 0.000000 0.000000 0.000000 0.000000 0.000000 0.000000
109 11:59:01.080 69.458211 120.111101 64.285535 74.539586 0.002923 -0.002703 9.808461 0.000000 0.000000 0.000000 0.000000 0.000000 0.000000
110 11:59:01.090 69.875652 119.974112 66.003921 75.826937 -0.005450 0.003515 9.797329 0.000000 0.000000 0.000000 0.000000 0.000000 0.000000
111 11:59:01.100 69.852835 120.452011 64.908220 74.736819 0.007141 -0.008505 9.807773 0.000000 0.000000 0.000000 0.000000 0.000000 0.000000
112 11:59:01.110 69.599216 119.678379 65.354958 74.171287 -0.026035 0.000737 9.794208 0.000000 0.000000 0.000000 0.000000 0.000000 0.000000
113 11:59:01.120 69.632684 119.727366 64.826728 74.549810 0.000660 0.024942 9.802396 0.000000 0.000000 0.000000 0.000000 0.000000 0.000000
114 11:59:01.130 69.526120 119.763901 65.125948 74.994668 0.006898 -0.006067 9.805516 0.000000 0.000000 0.000000 0.000000 0.000000 0.000000
115 11:59:01.140 69.626435 119.627301 64.542858 75.107206 0.000545 0.003356 9.806388 0.000000 0.000000 0.000000 0.000000 0.000000 0.000000
116 11:59:01.150 69.802141 120.367776 64.934566 74.406675 -0.003194 0.004099 9.825029 0.000000 0.000000 0.000000 0.000000 0.000000 0.000000
117 11:59:01.160 69.863461 120.261783 64.872668 75.118329 0.001101 -0.009551 9.807548 0.000000 0.000000 0.000000 0.000000 0.000000 0.000000
118 11:59:01.170 69.841988 119.628473 65.752130 75.739853 -0.008926 -0.007535 9.809646 0.000000 0.000000 0.000000 0.000000 0.000000 0.000000
119 11:59:01.180 69.661169 119.493788 65.291647 74.861517 0.017642 -0.006125 9.830222 0.000000 0.000000 0.000000 0.000000 0.000000 0.000000
120 11:59:01.190 70.190380 119.731137 64.604705 74.782374 0.013257 -0.001576 9.801980 0.000000 0.000000 0.000000 0.000000 0.000000 0.000000
121 11:59:01.200 70.382379 120.163245 65.600411 75.082231 -0.006215 -0.000795 9.802328 0.000000 0.000000 0.000000 0.000000 0.000000 0.000000
122 11:59:01.210 69.775533 120.117887 65.118847 75.080287 0.003796 0.001875 9.810564 0.000000 0.000000 0.000000 0.000000 0.000000 0.000000
123 11:59:01.220 69.950437 120.544565 64.712550 74.874800 -0.017499 0.019311 9.807791 0.000000 0.000000 0.000000 0.000000 0.000000 0.000000
124 11:59:01.230 68.869693 119.564744 64.854952 75.244628 0.006128 0.004415 9.802201 0.000000 0.000000 0.000000 0.000000 0.000000 0.000000
125 11:59:01.240 69.648776 120.079874 64.470494 74.463246 0.002622 -0.014138 9.800715 0.000000 0.000000 0.000000 0.000000 0.000000 0.000000
126 11:59:01.250 70.662826 119.784757 65.112244 74.820759 0.003216 -0.000895 9.802459 0.000000 0.000000 0.000000 0.000000 0.000000 0.000000
127 11:59:01.260 69.720571 119.181928 64.921703 74.965183 0.003370 -0.006601 9.826023 0.000000 0.000000 0.000000 0.000000 0.000000 0.000000
128 11:59:01.270 69.951477 120.026486 64.980929 75.244607 0.005060 -0.002092 9.795682 0.000000 0.000000 0.000000 0.000000 0.000000 0.000000
129 11:59:01.280 69.559355 120.812743 65.876760 75.262890 -0.001086 0.001087 9.825219 0.000000 0.000000 0.000000 0.000000 0.000000 0.000000
130 11:59:01.290 69.808829 119.603639 65.063423 74.889453 -0.000430 -0.022988 9.812865 0.000000 0.000000 0.000000 0.000000 0.000000 0.000000
131 11:59:01.300 69.803656 119.783941 65.696254 74.556984 -0.006115 0.006534 9.828345 0.000000 0.000000 0.000000 0.000000 0.000000 0.000000
132 11:59:01.310 70.638615 118.726898 64.835973 75.245257 -0.018588 -0.007435 9.806822 0.000000 0.000000 0.000000 0.000000 0.000000 0.000000
133 11:59:01.320 71.006285 120.255552 64.783125 75.226854 0.017317 -0.007004 9.779266 0.000000 0.000000 0.000000 0.000000 0.000000 0.000000
134 11:59:01.330 70.101729 120.183590 64.542033 75.869212 0.000141 -0.012658 9.806021 0.000000 0.000000 0.000000 0.000000 0.000000 0.000000
135 11:59:01.340 70.118351 120.735930 64.860419 73.974356 -0.000366 -0.006262 9.792630 0.000000 0.000000 0.000000 0.000000 0.000000 0.000000
136 11:59:01.350 69.810117 120.154040 65.541071 75.199069 -0.002674 -0.014008 9.804018 0.000000 0.000000 0.000000 0.000000 0.000000 0.000000
137 11:59:01.360 69.730776 119.242969 65.480478 75.139820 -0.000798 -0.001284 9.803462 0.000000 0.000000 0.000000 0.000000 0.000000 0.000000
138 11:59:01.370 70.126522 120.506011 65.828677 74.858229 0.011668 0.001757 9.814277 0.000000 0.000000 0.000000 0.000000 0.000000 0.000000
139 11:59:01.380 69.575632 120.389651 65.234612 74.891011 0.003805 -0.012208 9.802967 0.000000 0.000000 0.000000 0.000000 0.000000 0.000000
140 11:59:01.390 70.053485 120.011466 64.785931 73.880712 -0.005182 -0.012137 9.795450 0.000000 0.000000 0.000000 0.000000 0.000000 0.000000
141 11:59:01.400 69.454789 119.613111 64.892194 74.736183 -0.000797 0.005315 9.823757 0.000000 0.000000 0.000000 0.000000 0.000000 0.000000
142 11:59:01.410 70.152189 119.408652 65.119558 74.335382 -0.014493 0.003733 9.833358 0.000000 0.000000 0.000000 0.000000 0.000000 0.000000
143 11:59:01.420 69.904068 120.636956 65.273300 75.290117 0.010016 -0.013346 9.806459 0.000000 0.000000 0.000000 0.000000 0.000000 0.000000
144 11:59:01.430 69.851943 119.354413 64.797997 74.057339 -0.008599 0.005121 9.799678 0.000000 0.000000 0.000000 0.000000 0.000000 0.000000
145 11:59:01.440 69.246319 120.061982 64.490250 74.941433 0.018072 -0.006670 9.831275 0.000000 0.000000 0.000000 0.000000 0.000000 0.000000
146 11:59:01.450 70.626715 119.978789 64.259164 75.069526 0.000266 0.004396 9.806624 0.000000 0.000000 0.000000 0.000000 0.000000 0.000000
147 11:59:01.460 69.843778 120.046951 65.895146 74.446085 -0.011059 0.005508 9.794765 0.000000 0.000000 0.000000 0.000000 0.000000 0.000000
148 11:59:01.470 70.478659 120.772580 65.317387 75.629160 0.000636 0.011329 9.813410 0.000000 0.000000 0.000000 0.000000 0.000000 0.000000
149 11:59:01.480 69.804566 120.516732 64.673185 74.181794 0.019200 -0.006149 9.828603 0.000000 0.000000 0.000000 0.000000 0.000000 0.000000
150 11:59:01.490 69.327463 119.881847 65.420790 75.093668 0.006877 -0.013710 9.815014 0.000000 0.000000 0.000000 0.000000 0.000000 0.000000
151 11:59:01.500 69.213478 119.805849 64.991063 74.886508 -0.001859 0.003101 9.818586 0.000000 0.000000 0.000000 0.000000 0.000000 0.000000
152 11:59:01.510 69.439925 120.197797 65.143916 75.467563 0.000942 -0.002689 9.806428 0.000000 0.000000 0.000000 0.000000 0.000000 0.000000
153 11:59:01.520 70.757567 120.833385 65.347225 75.158621 -0.004426 -0.002412 9.794338 0.000000 0.000000 0.000000 0.000000 0.000000 0.000000
154 11:59:01.530 69.579483 120.467399 64.646231 74.580894 -0.004807 0.013922 9.816109 0.000000 0.000000 0.000000 0.000000 0.000000 0.000000
155 11:59:01.540 70.040863 119.921647 65.168582 74.722758 0.013381 -0.011244 9.802609 0.000000 0.000000 0.000000 0.000000 0.000000 0.000000
156 11:59:01.550 70.163812 120.182137 65.269703 74.150404 -0.008806 0.002225 9.807110 0.000000 0.000000 0.000000 0.000000 0.000000 0.000000
157 11:59:01.560 68.966298 120.629314 65.218896 74.819526 -0.009179 -0.007001 9.802617 0.000000 0.000000 0.000000 0.000000 0.000000 0.000000
158 11:59:01.570 70.001524 120.223598 65.834498 74.810237 0.010414 -0.003273 9.812629 0.000000 0.000000 0.000000 0.000000 0.000000 0.000000
159 11:59:01.580 69.907564 119.609349 64.999951 75.042804 -0.007962 0.008068 9.796517 0.000000 0.000000 0.000000 0.000000 0.000000 0.000000
160 11:59:01.590 69.620625 120.647063 65.132612 76.110561 0.012726 0.003213 9.807003 0.000000 0.000000 0.000000 0.000000 0.000000 0.000000
161 11:59:01.600 70.203047 119.547677 65.272582 74.684926 0.002547 -0.011514 9.811060 0.000000 0.000000 0.000000 0.000000 0.000000 0.000000
162 11:59:01.610 69.978748 119.483100 64.584492 75.597066 0.018456 0.004536 9.803591 0.000000 0.000000 0.000000 0.000000 0.000000 0.000000
163 11:59:01.620 71.197911 120.671763 65.459536 75.460565 0.011036 0.010672 9.809049 0.000000 0.000000 0.000000 0.000000 0.000000 0.000000
164 11:59:01.630 70.339541 119.822117 64.929771 75.314427 0.006679 0.012718 9.802527 0.000000 0.000000 0.000000 0.000000 0.000000 0.000000
165 11:59:01.640 70.106940 121.266363 64.914774 75.291911 0.000412 -0.004911 9.813135 0.000000 0.000000 0.000000 0.000000 0.000000 0.000000
166 11:59:01.650 68.535474 120.875047 65.516175 75.084351 0.011069 0.000312 9.821715 0.000000 0.000000 0.000000 0.000000 0.000000 0.000000
167 11:59:01.660 69.454965 119.979192 64.846351 74.605921 0.001601 0.006751 9.821549 0.000000 0.000000 0.000000 0.000000 0.000000 0.000000
168 11:59:01.670 70.175327 119.633074 65.043761 74.621521 -0.003481 0.000576 9.813341 0.000000 0.000000 0.000000 0.000000 0.000000 0.000000
169 11:59:01.680 69.989213 120.047589 64.415955 75.399289 -0.009258 0.012048 9.817274 0.000000 0.000000 0.000000 0.000000 0.000000 0.000000
170 11:59:01.690 70.035605 119.590193 64.927517 75.444874 -0.002792 0.006733 9.803404 0.000000 0.000000 0.000000 0.000000 0.000000 0.000000
171 11:59:01.700 69.305039 119.964113 65.435783 75.408428 0.012661 -0.002511 9.812709 0.000000 0.000000 0.000000 0.000000 0.000000 0.000000
172 11:59:01.710 70.350132 120.542811 65.032008 74.897283 -0.019539 0.007779 9.817673 0.000000 0.000000 0.000000 0.000000 0.000000 0.000000
173 11:59:01.720 69.362544 119.985196 64.817198 75.724563 -0.019233 -0.011049 9.818091 0.000000 0.000000 0.000000 0.000000 0.000000 0.000000
174 11:59:01.730 70.489328 120.284326 64.435401 74.231455 -0.015840 -0.005862 9.799221 0.000000 0.000000 0.000000 0.000000 0.000000 0.000000
175 11:59:01.740 69.666141 119.648949 65.176247 74.654160 0.001199 -0.006804 9.804491 0.000000 0.000000 0.000000 0.000000 0.000000 0.000000
176 11:59:01.750 69.748195 119.796069 65.113154 75.360952 0.001607 -0.004441 9.798380 0.000000 0.000000 0.000000 0.000000 0.000000 0.000000
177 11:59:01.760 70.071073 119.793805 64.709591 74.282585 0.008957 0.006329 9.819376 0.000000 0.000000 0.000000 0.000000 0.000000 0.000000
178 11:59:01.770 69.263267 120.036709 65.143176 74.353006 -0.023597 0.000982 9.810476 0.000000 0.000000 0.000000 0.000000 0.000000 0.000000
179 11:59:01.780 70.350717 119.964622 65.285206 74.847949 -0.006919 -0.011108 9.812856 0.000000 0.000000 0.000000 0.000000 0.000000 0.000000
180 11:59:01.790 70.883149 120.288036 65.382931 75.066911 0.019465 0.005823 9.814632 0.000000 0.000000 0.000000 0.000000 0.000000 0.000000
181 11:59:01.800 69.701441 119.559985 63.445392 74.655825 -0.007525 0.002040 9.801676 0.000000 0.000000 0.000000 0.000000 0.000000 0.000000
182 11:59:01.810 70.082056 119.541428 65.456642 75.731002 -0.004386 0.012056 9.809548 0.000000 0.000000 0.000000 0.000000 0.000000 0.000000
183 11:59:01.820 71.098511 120.274065 64.141025 75.061269 -0.009314 0.007092 9.812693 0.000000 0.000000 0.000000 0.000000 0.000000 0.000000
184 11:59:01.830 70.089260 119.826536 65.545865 75.865820 0.005742 0.002341 9.792567 0.000000 0.000000 0.000000 0.000000 0.000000 0.000000
185 11:59:01.840 69.846351 120.542830 65.406983 75.338598 -0.019196 -0.000869 9.812624 0.000000 0.000000 0.000000 0.000000 0.000000 0.000000
186 11:59:01.850 70.841533 119.155348 64.017951 75.711519 -0.008404 0.001230 9.793108 0.000000 0.000000 0.000000 0.000000 0.000000 0.000000
187 11:59:01.860 70.635289 119.625720 65.772348 75.291365 0.007418 -0.011326 9.824441 0.000000 0.000000 0.000000 0.000000 0.000000 0.000000
188 11:59:01.870 69.885355 120.842580 65.371041 74.695257 -0.006270 -0.013275 9.814005 0.000000 0.000000 0.000000 0.000000 0.000000 0.000000
189 11:59:01.880 69.740388 119.940716 64.215786 74.519590 0.011908 -0.010885 9.813077 0.000000 0.000000 0.000000 0.000000 0.000000 0.000000
190 11:59:01.890 69.446898 120.677547 65.731758 75.034333 -0.011950 -0.008377 9.809431 0.000000 0.000000 0.000000 0.000000 0.000000 0.000000
191 11:59:01.900 69.965687 119.771134 65.202840 75.315257 -0.011456 -0.005010 9.817371 0.000000 0.000000 0.000000 0.000000 0.000000 0.000000
192 11:59:01.910 69.698214 120.420527 64.696439 75.723674 0.004343 0.018467 9.814278 0.000000 0.000000 0.000000 0.000000 0.000000 0.000000
193 11:59:01.920 71.345631 119.386362 64.214820 74.341948 0.001947 0.004155 9.809861 0.000000 0.000000 0.000000 0.000000 0.000000 0.000000
194 11:59:01.930 69.256237 119.496410 65.965830 75.850169 0.003281 0.001324 9.811896 0.000000 0.000000 0.000000 0.000000 0.000000 0.000000
195 11:59:01.940 69.982039 120.599783 65.316798 74.850929 0.000786 -0.006635 9.803344 0.000000 0.000000 0.000000 0.000000 0.000000 0.000000
196 11:59:01.950 69.974179 120.486267 65.691746 74.369585 0.013945 0.007516 9.814512 0.000000 0.000000 0.000000 0.000000 0.000000 0.000000
197 11:59:01.960 70.414422 120.112789 65.890353 75.005408 0.010448 -0.018100 9.811483 0.000000 0.000000 0.000000 0.000000 0.000000 0.000000
198 11:59:01.970 70.280850 118.856927 65.145560 74.920341 -0.005077 -0.016597 9.828254 0.000000 0.000000 0.000000 0.000000 0.000000 0.000000
199 11:59:01.980 70.003501 120.241168 65.031522 74.493528 0.000996 -0.001074 9.812074 0.000000 0.000000 0.000000 0.000000 0.000000 0.000000
200 11:59:01.990 70.337485 119.024215 64.419766 75.252234 0.006029 0.008418 9.799671 0.000000 0.000000 0.000000 0.000000 0.000000 0.000000
201 11:59:02.000 70.827436 120.185806 65.559071 74.384267 -0.009308 -0.014837 9.810374 0.000000 0.000000 0.000000 0.000000 0.000000 0.000000
202 11:59:02.010 69.457037 120.966492 64.773770 74.496123 -0.004093 0.008511 9.795786 0.000000 0.000000 0.000000 0.000000 0.000000 0.000000
203 11:59:02.020 70.161106 120.068160 64.916644 75.535413 -0.008069 -0.008370 9.815979 0.000000 0.000000 0.000000 0.000000 0.000000 0.000000
204 11:59:02.030 70.208257 120.991349 65.665553 74.445914 -0.007358 -0.002480 9.811180 0.000000 0.000000 0.000000 0.000000 0.000000 0.000000
205 11:59:02.040 70.153082 120.913366 64.540783 74.238602 -0.013001 -0.008827 9.807807 0.000000 0.000000 0.000000 0.000000 0.000000 0.000000
206 11:59:02.050 70.292741 120.318862 65.349645 75.553630 0.010888 0.004937 9.807225 0.000000 0.000000 0.000000 0.000000 0.000000 0.000000
207 11:59:02.060 71.248586 119.734577 64.594844 74.855190 -0.004834 0.002434 9.817421 0.000000 0.000000 0.000000 0.000000 0.000000 0.000000
208 11:59:02.070 69.816533 120.555402 64.803002 74.861011 -0.009567 0.002782 9.818384 0.000000 0.000000 0.000000 0.000000 0.000000 0.000000
209 11:59:02.080 69.444465 120.530113 65.039381 75.654526 -0.009109 0.011669 9.803809 0.000000 0.000000 0.000000 0.000000 0.000000 0.000000
210 11:59:02.090 69.100182 120.306975 64.857132 74.742533 0.002966 -0.009408 9.804464 0.000000 0.000000 0.000000 0.000000 0.000000 0.000000
211 11:59:02.100 70.316992 120.829792 64.513576 74.880329 0.013655 -0.009040 9.812221 0.000000 0.000000 0.000000 0.000000 0.000000 0.000000
212 11:59:02.110 70.466147 119.978958 64.664627 75.133606 -0.019508 -0.006685 9.797376 0.000000 0.000000 0.000000 0.000000 0.000000 0.000000
213 11:59:02.120 70.366250 120.477048 64.673019 75.484996 0.005014 -0.001482 9.808317 0.000000 0.000000 0.000000 0.000000 0.000000 0.000000
214 11:59:02.130 70.192905 119.502034 65.793586 75.369967 -0.011833 -0.005154 9.818683 0.000000 0.000000 0.000000 0.000000 0.000000 0.000000
215 11:59:02.140 69.709428 121.019076 65.044336 75.069434 0.007600 -0.003769 9.814305 0.000000 0.000000 0.000000 0.000000 0.000000 0.000000
216 11:59:02.150 69.509292 119.461838 65.238198 75.114299 -0.010913 0.013459 9.823228 0.000000 0.000000 0.000000 0.000000 0.000000 0.000000
217 11:59:02.160 69.605824 120.349244 65.219456 75.324345 -0.005748 0.013591 9.811803 0.000000 0.000000 0.000000 0.000000 0.000000 0.000000
218 11:59:02.170 70.524596 120.659956 64.910706 75.092347 -0.003701 -0.013070 9.803877 0.000000 0.000000 0.000000 0.000000 0.000000 0.000000
219 11:59:02.180 70.420879 120.413011 64.628188 74.454475 0.000587 0.002442 9.817194 0.000000 0.000000 0.000000 0.000000 0.000000 0.000000
220 11:59:02.190 70.144902 120.531827 64.478094 75.023562 -0.000562 -0.009968 9.801674 0.000000 0.000000 0.000000 0.000000 0.000000 0.000000
221 11:59:02.200 69.900769 119.945797 65.288907 75.790084 0.021030 -0.012263 9.820233 0.000000 0.000000 0.000000 0.000000 0.000000 0.000000
222 11:59:02.210 70.440601 119.750980 65.531103 74.852730 0.007440 0.002896 9.809009 0.000000 0.000000 0.000000 0.000000 0.000000 0.000000
223 11:59:02.220 70.122279 119.788681 66.031433 74.567341 0.010843 -0.017044 9.800463 0.000000 0.000000 0.000000 0.000000 0.000000 0.000000
224 11:59:02.230 69.652018 119.741711 64.853201 75.086376 -0.015880 0.002388 9.808604 0.000000 0.000000 0.000000 0.000000 0.000000 0.000000
225 11:59:02.240 69.988413 119.914402 65.044670 74.292372 -0.014234 0.001131 9.802538 0.000000 0.000000 0.000000 0.000000 0.000000 0.000000
226 11:59:02.250 69.326966 119.784139 65.019910 75.683620 0.000074 0.000521 9.808572 0.000000 0.000000 0.000000 0.000000 0.000000 0.000000
227 11:59:02.260 70.156966 120.027923 65.482979 75.109496 0.005335 -0.000183 9.811407 0.000000 0.000000 0.000000 0.000000 0.000000 0.000000
228 11:59:02.270 69.547527 121.120317 65.584619 74.423213 -0.020241 0.003238 9.797261 0.000000 0.000000 0.000000 0.000000 0.000000 0.000000
229 11:59:02.280 70.206501 119.571723 65.253447 75.610776 -0.010400 0.019360 9.811987 0.000000 0.000000 0.000000 0.000000 0.000000 0.000000
230 11:59:02.290 71.020206 119.282560 65.233582 75.365382 0.013594 0.020677 9.804975 0.000000 0.000000 0.000000 0.000000 0.000000 0.000000
231 11:59:02.300 70.538665 120.081552 65.305219 74.701164 0.004355 -0.004331 9.793762 0.000000 0.000000 0.000000 0.000000 0.000000 0.000000
232 11:59:02.310 70.523059 119.619627 64.809379 74.405891 -0.013767 -0.011910 9.803446 0.000000 0.000000 0.000000 0.000000 0.000000 0.000000
233 11:59:02.320 69.769258 120.124709 65.197966 74.982403 0.001688 0.001790 9.825178 0.000000 0.000000 0.000000 0.000000 0.000000 0.000000
234 11:59:02.330 70.145185 120.147738 65.787913 75.590725 -0.007706 0.000853 9.820594 0.000000 0.000000 0.000000 0.000000 0.000000 0.000000
235 11:59:02.340 70.550171 120.550537 64.589318 74.939909 0.001813 0.017694 9.810071 0.000000 0.000000 0.000000 0.000000 0.000000 0.000000
236 11:59:02.350 69.695577 119.357063 64.938600 75.101410 -0.000658 -0.000689 9.808131 0.000000 0.000000 0.000000 0.000000 0.000000 0.000000
237 11:59:02.360 69.788691 120.002218 64.999848 74.558879 -0.016171 0.012882 9.811353 0.000000 0.000000 0.000000 0.000000 0.000000 0.000000
238 11:59:02.370 70.986164 119.194651 64.251568 75.362284 -0.006553 0.001516 9.807501 0.000000 0.000000 0.000000 0.000000 0.000000 0.000000
239 11:59:02.380 69.542350 119.307263 66.532270 74.226851 -0.005960 -0.010389 9.828311 0.000000 0.000000 0.000000 0.000000 0.000000 0.000000
240 11:59:02.390 70.562231 119.421660 64.232249 75.325131 -0.004500 0.009471 9.811395 0.000000 0.000000 0.000000 0.000000 0.000000 0.000000
241 11:59:02.400 70.577880 119.445939 65.562998 75.255081 -0.000575 0.018006 9.804757 0.000000 0.000000 0.000000 0.000000 0.000000 0.000000
242 11:59:02.410 69.231523 120.224160 64.857335 75.157486 -0.007175 -0.000337 9.807015 0.000000 0.000000 0.000000 0.000000 0.000000 0.000000
243 11:59:02.420 70.343031 120.148253 65.139867 75.365400 -0.006420 0.001961 9.816690 0.000000 0.000000 0.000000 0.000000 0.000000 0.000000
244 11:59:02.430 70.154495 119.455239 64.692268 74.034592 -0.015735 0.002900 9.823357 0.000000 0.000000 0.000000 0.000000 0.000000 0.000000
245 11:59:02.440 70.026531 120.104505 64.513137 74.665648 0.014565 0.006187 9.812159 0.000000 0.000000 0.000000 0.000000 0.000000 0.000000
246 11:59:02.450 69.728756 119.927044 64.781298 75.137159 0.015338 -0.000836 9.808700 0.000000 0.000000 0.000000 0.000000 0.000000 0.000000
247 11:59:02.460 69.910085 120.298638 65.189429 75.877711 0.004728 0.004835 9.810550 0.000000 0.000000 0.000000 0.000000 0.000000 0.000000
248 11:59:02.470 69.936821 120.040224 64.741794 75.524225 -0.004755 -0.018798 9.800228 0.000000 0.000000 0.000000 0.000000 0.000000 0.000000
249 11:59:02.480 69.919080 119.705733 65.033087 74.788608 -0.002622 0.005893 9.826170 0.000000 0.000000 0.000000 0.000000 0.000000 0.000000
250 11:59:02.490 70.254621 119.730050 64.676123 75.007879 -0.010409 0.004052 9.815207 0.000000 0.000000 0.000000 0.000000 0.000000 0.000000
251 11:59:02.500 70.324232 120.292710 65.210037 75.599354 0.003175 0.000736 9.811133 0.000000 0.000000 0.000000 0.000000 0.000000 0.000000
252 11:59:02.510 69.207961 120.590697 63.970089 74.943921 0.012419 -0.004205 9.807344 0.000000 0.000000 0.000000 0.000000 0.000000 0.000000
253 11:59:02.520 70.817400 120.209577 64.995036 75.745023 0.001229 0.015443 9.821141 0.000000 0.000000 0.000000 0.000000 0.000000 0.000000
254 11:59:02.530 70.520430 120.870797 64.372912 74.881975 -0.002596 -0.007228 9.811144 0.000000 0.000000 0.000000 0.000000 0.000000 0.000000
255 11:59:02.540 69.981225 119.901322 65.109561 74.765630 -0.003653 -0.015742 9.800946 0.000000 0.000000 0.000000 0.000000 0.000000 0.000000
256 11:59:02.550 70.041389 120.564277 64.550894 74.342398 0.008399 0.002423 9.798198 0.000000 0.000000 0.000000 0.000000 0.000000 0.000000
257 11:59:02.560 70.154459 119.794803 65.834305 74.848571 -0.002710 0.007453 9.802781 0.000000 0.000000 0.000000 0.000000 0.000000 0.000000
258 11:59:02.570 70.157758 119.410491 65.892798 74.487387 -0.017560 -0.003236 9.814296 0.000000 0.000000 0.000000 0.000000 0.000000 0.000000
259 11:59:02.580 69.394723 120.402285 65.280263 74.731371 -0.001100 0.014663 9.803050 0.000000 0.000000 0.000000 0.000000 0.000000 0.000000
260 11:59:02.590 70.222500 119.629914 65.940351 74.588238 -0.009474 -0.003034 9.822901 0.000000 0.000000 0.000000 0.000000 0.000000 0.000000
261 11:59:02.600 70.315954 120.748951 66.006911 75.242324 -0.012939 -0.001489 9.781508 0.000000 0.000000 0.000000 0.000000 0.000000 0.000000
262 11:59:02.610 69.162015 120.248172 65.306831 74.373528 0.006589 -0.002505 9.802245 0.000000 0.000000 0.000000 0.000000 0.000000 0.000000
263 11:59:02.620 70.550896 120.176573 64.922371 75.367837 0.003001 0.002971 9.806005 0.000000 0.000000 0.000000 0.000000 0.000000 0.000000
264 11:59:02.630 69.738161 119.870151 65.099301 74.717475 0.010628 0.000837 9.808636 0.000000 0.000000 0.000000 0.000000 0.000000 0.000000
265 11:59:02.640 70.115288 120.071210 64.695558 74.104187 0.003079 0.008284 9.818394 0.000000 0.000000 0.000000 0.000000 0.000000 0.000000
266 11:59:02.650 70.018624 120.005545 65.234730 75.157670 -0.008666 -0.000907 9.810475 0.000000 0.000000 0.000000 0.000000 0.000000 0.000000
267 11:59:02.660 70.986456 119.444076 65.415520 75.088670 -0.005388 -0.015408 9.817035 0.000000 0.000000 0.000000 0.000000 0.000000 0.000000
268 11:59:02.670 71.038855 120.970767 64.462240 74.383039 -0.000809 -0.005529 9.787971 0.000000 0.000000 0.000000 0.000000 0.000000 0.000000
269 11:59:02.680 70.414516 119.112564 64.597638 75.592490 0.016586 0.009357 9.830561 0.000000 0.000000 0.000000 0.000000 0.000000 0.000000
270 11:59:02.690 69.543019 119.558260 65.548184 75.348065 -0.003974 0.002363 9.797914 0.000000 0.000000 0.000000 0.000000 0.000000 0.000000
271 11:59:02.700 70.230777 120.063892 65.707505 75.604269 -0.006477 -0.008705 9.811083 0.000000 0.000000 0.000000 0.000000 0.000000 0.000000
272 11:59:02.710 70.500479 120.359642 65.427371 74.553301 0.003349 0.010557 9.809605 0.000000 0.000000 0.000000 0.000000 0.000000 0.000000
273 11:59:02.720 70.399298 120.292820 64.671705 74.804400 -0.007513 0.009588 9.814599 0.000000 0.000000 0.000000 0.000000 0.000000 0.000000
274 11:59:02.730 69.947650 119.584359 64.515325 74.368008 -0.006349 0.012515 9.811424 0.000000 0.000000 0.000000 0.000000 0.000000 0.000000
275 11:59:02.740 69.944519 119.701551 65.067610 75.739366 -0.012224 0.006618 9.806163 0.000000 0.000000 0.000000 0.000000 0.000000 0.000000
276 11:59:02.750 69.508928 120.556363 65.288476 75.281357 -0.006582 -0.000840 9.814822 0.000000 0.000000 0.000000 0.000000 0.000000 0.000000
277 11:59:02.760 69.920589 119.699886 64.839119 75.205221 -0.021118 0.013595 9.822857 0.000000 0.000000 0.000000 0.000000 0.000000 0.000000
278 11:59:02.770 69.472712 119.411014 65.535997 76.484497 -0.004577 -0.007530 9.805726 0.000000 0.000000 0.000000 0.000000 0.000000 0.000000
279 11:59:02.780 70.393324 119.811978 65.431830 75.039132 0.010509 -0.016042 9.807298 0.000000 0.000000 0.000000 0.000000 0.000000 0.000000
280 11:59:02.790 70.028216 119.658086 65.036492 75.587709 0.002836 -0.014109 9.828727 0.000000 0.000000 0.000000 0.000000 0.000000 0.000000
281 11:59:02.800 69.998275 120.328728 64.789056 74.670308 0.012312 0.003951 9.800280 0.000000 0.000000 0.000000 0.000000 0.000000 0.000000
282 11:59:02.810 70.090124 121.227807 64.747670 76.013560 -0.005753 0.003165 9.814936 0.000000 0.000000 0.000000 0.000000 0.000000 0.000000
283 11:59:02.820 69.860855 119.573106 64.655278 75.121526 -0.003765 -0.004090 9.792218 0.000000 0.000000 0.000000 0.000000 0.000000 0.000000
284 11:59:02.830 69.187764 119.798599 65.174753 74.845216 0.005606 -0.011782 9.811015 0.000000 0.000000 0.000000 0.000000 0.000000 0.000000
285 11:59:02.840 70.334613 120.030904 65.128267 75.277264 0.002615 0.005232 9.799244 0.000000 0.000000 0.000000 0.000000 0.000000 0.000000
286 11:59:02.850 70.086030 119.561103 64.501219 75.989948 0.002522 0.011600 9.816482 0.000000 0.000000 0.000000 0.000000 0.000000 0.000000
287 11:59:02.860 70.785984 119.899992 64.257494 74.376343 0.018889 -0.011662 9.814651 0.000000 0.000000 0.000000 0.000000 0.000000 0.000000
288 11:59:02.870 69.513080 120.187900 65.017369 75.682479 -0.008576 0.018303 9.806297 0.000000 0.000000 0.000000 0.000000 0.000000 0.000000
289 11:59:02.880 70.317871 119.261401 65.019868 75.234021 -0.002157 0.000621 9.814666 0.000000 0.000000 0.000000 0.000000 0.000000 0.000000
290 11:59:02.890 70.294578 120.089302 64.781326 75.103242 0.002577 0.001002 9.814462 0.000000 0.000000 0.000000 0.000000 0.000000 0.000000
291 11:59:02.900 69.503832 120.260037 65.396919 75.786863 0.011886 0.001928 9.804358 0.000000 0.000000 0.000000 0.000000 0.000000 0.000000
292 11:59:02.910 69.656354 119.824794 65.295691 74.059895 0.008558 -0.001787 9.823509 0.000000 0.000000 0.000000 0.000000 0.000000 0.000000
293 11:59:02.920 69.590396 119.957354 65.545743 75.245324 -0.005157 -0.002924 9.794311 0.000000 0.000000 0.000000 0.000000 0.000000 0.000000
294 11:59:02.930 69.153945 120.120792 64.330529 75.663586 0.008232 -0.009640 9.819853 0.000000 0.000000 0.000000 0.000000 0.000000 0.000000
295 11:59:02.940 69.572538 119.827436 64.343059 75.252640 -0.011392 -0.001340 9.812928 0.000000 0.000000 0.000000 0.000000 0.000000 0.000000
296 11:59:02.950 70.296329 120.766447 64.663385 75.522569 0.010091 0.009184 9.809844 0.000000 0.000000 0.000000 0.000000 0.000000 0.000000
297 11:59:02.960 68.944829 119.849798 65.651955 74.971532 -0.017668 0.005509 9.791000 0.000000 0.000000 0.000000 0.000000 0.000000 0.000000
298 11:59:02.970 70.854987 120.068046 64.696348 74.338293 0.006938 0.001080 9.795744 0.000000 0.000000 0.000000 0.000000 0.000000 0.000000
299 11:59:02.980 70.589375 120.625402 64.534747 75.317414 -0.002264 -0.011013 9.836225 0.000000 0.000000 0.000000 0.000000 0.000000 0.000000
300 11:59:02.990 70.570326 119.520696 65.239665 74.760622 0.013080 0.007465 9.801746 0.000000 0.000000 0.000000 0.000000 0.000000 0.000000
301 11:59:03.000 68.653675 120.548831 65.436365 75.457097 -0.020721 -0.001070 9.819918 0.000000 0.000000 0.000000 0.000000 0.000000 0.000000
302 11:59:03.010 70.494449 119.985642 64.806312 75.295911 -0.012775 0.008675 9.807004 0.000000 0.000000 0.000000 0.000000 0.000000 0.000000
303 11:59:03.020 69.685101 119.683073 64.521253 75.956404 0.003704 -0.004556 9.813231 0.000000 0.000000 0.000000 0.000000 0.000000 0.000000
304 11:59:03.030 69.686403 121.112860 65.378966 75.244459 -0.006976 0.005590 9.795249 0.000000 0.000000 0.000000 0.000000 0.000000 0.000000
305 11:59:03.040 71.033560 120.223155 64.652147 74.796154 -0.001094 -0.005375 9.819890 0.000000 0.000000 0.000000 0.000000 0.000000 0.000000
306 11:59:03.050 70.383294 119.406455 64.915468 75.336662 0.007523 -0.001624 9.816799 0.000000 0.000000 0.000000 0.000000 0.000000 0.000000
307 11:59:03.060 69.724718 120.171914 64.989657 75.290025 0.003072 -0.013548 9.812461 0.000000 0.000000 0.000000 0.000000 0.000000 0.000000
308 11:59:03.070 70.258620 119.711785 64.926792 74.791007 0.004320 -0.003143 9.812042 0.000000 0.000000 0.000000 0.000000 0.000000 0.000000
309 11:59:03.080 69.652649 120.722381 64.754265 74.808713 0.002655 -0.015672 9.815478 0.000000 0.000000 0.000000 0.000000 0.000000 0.000000
310 11:59:03.090 69.832456 119.922010 64.401844 75.256109 -0.005694 0.000652 9.805467 0.000000 0.000000 0.000000 0.000000 0.000000 0.000000
311 11:59:03.100 69.275582 120.095351 64.106844 73.884315 -0.010543 0.000127 9.803156 0.000000 0.000000 0.000000 0.000000 0.000000 0.000000
312 11:59:03.110 70.524758 119.733896 64.454047 75.077475 -0.000673 -0.021147 9.807444 0.000000 0.000000 0.000000 0.000000 0.000000 0.000000
313 11:59:03.120 70.676301 119.601708 64.929775 74.090844 0.009547 0.006022 9.828204 0.000000 0.000000 0.000000 0.000000 0.000000 0.000000
314 11:59:03.130 69.847394 120.551265 63.995178 75.044229 -0.001536 -0.009721 9.833605 0.000000 0.000000 0.000000 0.000000 0.000000 0.000000
315 11:59:03.140 70.178443 119.904204 64.993910 74.790603 -0.020865 -0.010685 9.793877 0.000000 0.000000 0.000000 0.000000 0.000000 0.000000
316 11:59:03.150 69.938935 119.787671 65.560117 74.910342 0.011996 0.003069 9.809390 0.000000 0.000000 0.000000 0.000000 0.000000 0.000000
317 11:59:03.160 70.591825 120.228347 64.707374 74.998968 0.003302 0.012982 9.810907 0.000000 0.000000 0.000000 0.000000 0.000000 0.000000
318 11:59:03.170 70.993333 119.221183 64.832148 74.667795 0.021473 -0.006205 9.809473 0.000000 0.000000 0.000000 0.000000 0.000000 0.000000
319 11:59:03.180 70.855765 119.816550 65.418817 75.179160 -0.012005 -0.004192 9.801844 0.000000 0.000000 0.000000 0.000000 0.000000 0.000000
320 11:59:03.190 70.213677 119.429992 65.443558 75.407785 0.003285 -0.001135 9.803468 0.000000 0.000000 0.000000 0.000000 0.000000 0.000000
321 11:59:03.200 70.024744 119.026696 65.680910 74.627083 0.000973 0.003653 9.824295 0.000000 0.000000 0.000000 0.000000 0.000000 0.000000
322 11:59:03.210 70.235928 121.125272 66.164369 74.437440 -0.012424 0.010443 9.809412 0.000000 0.000000 0.000000 0.000000 0.000000 0.000000
323 11:59:03.220 70.062791 119.733170 65.043357 75.803803 -0.012536 0.000691 9.812061 0.000000 0.000000 0.000000 0.000000 0.000000 0.000000
324 11:59:03.230 69.378783 120.582509 65.000181 74.581468 0.014623 -0.004688 9.829342 0.000000 0.000000 0.000000 0.000000 0.000000 0.000000
325 11:59:03.240 70.023092 120.739553 65.349299 75.653898 0.003149 0.005916 9.829572 0.000000 0.000000 0.000000 0.000000 0.000000 0.000000
326 11:59:03.250 70.158523 119.766490 65.600498 75.286012 -0.004057 -0.010142 9.809381 0.000000 0.000000 0.000000 0.000000 0.000000 0.000000
327 11:59:03.260 70.030107 119.814887 65.649700 75.402476 0.013680 0.011352 9.824446 0.000000 0.000000 0.000000 0.000000 0.000000 0.000000
328 11:59:03.270 70.144648 120.308531 65.299527 75.448919 0.011704 -0.014030 9.797935 0.000000 0.000000 0.000000 0.000000 0.000000 0.000000
329 11:59:03.280 69.754307 120.153920 65.596560 75.062244 0.002030 -0.004408 9.812514 0.000000 0.000000 0.000000 0.000000 0.000000 0.000000
330 11:59:03.290 70.162571 120.017479 64.680641 74.202998 -0.008835 -0.007729 9.804177 0.000000 0.000000 0.000000 0.000000 0.000000 0.000000
331 11:59:03.300 70.117498 119.880414 65.080694 75.223296 -0.003541 -0.004206 9.821514 0.000000 0.000000 0.000000 0.000000 0.000000 0.000000
332 11:59:03.310 69.379656 120.442354 65.658665 75.387842 0.005831 -0.011186 9.803381 0.000000 0.000000 0.000000 0.000000 0.000000 0.000000
333 11:59:03.320 70.279197 119.798262 64.376406 75.150552 0.001322 -0.003688 9.825720 0.000000 0.000000 0.000000 0.000000 0.000000 0.000000
334 11:59:03.330 70.152836 119.965951 65.808080 74.227752 -0.013823 -0.005467 9.795259 0.000000 0.000000 0.000000 0.000000 0.000000 0.000000
335 11:59:03.340 69.425145 120.037694 64.631624 74.605031 0.002009 -0.003249 9.807420 0.000000 0.000000 0.000000 0.000000 0.000000 0.000000
336 11:59:03.350 70.232933 120.264908 65.132840 74.067597 0.003174 -0.003466 9.800107 0.000000 0.000000 0.000000 0.000000 0.000000 0.000000
337 11:59:03.360 69.882250 119.782236 65.021946 74.750735 0.021405 -0.002303 9.802864 0.000000 0.000000 0.000000 0.000000 0.000000 0.000000
338 11:59:03.370 70.684236 120.290357 63.965275 75.342776 -0.024466 0.010387 9.809279 0.000000 0.000000 0.000000 0.000000 0.000000 0.000000
339 11:59:03.380 69.938028 120.601202 64.827006 75.071068 -0.000875 -0.007103 9.812022 0.000000 0.000000 0.000000 0.000000 0.000000 0.000000
340 11:59:03.390 71.200251 120.716903 64.672965 75.288677 -0.010898 0.019909 9.804597 0.000000 0.000000 0.000000 0.000000 0.000000 0.000000
341 11:59:03.400 70.990965 120.954963 65.545485 74.855642 0.011492 0.000956 9.826922 0.000000 0.000000 0.000000 0.000000 0.000000 0.000000
342 11:59:03.410 70.491240 120.052484 65.516569 74.959708 -0.000852 0.002930 9.811039 0.000000 0.000000 0.000000 0.000000 0.000000 0.000000
343 11:59:03.420 70.303576 119.997355 64.937905 76.029458 0.008386 0.004391 9.802039 0.000000 0.000000 0.000000 0.000000 0.000000 0.000000
344 11:59:03.430 70.394768 119.737733 65.247943 75.026682 -0.002032 -0.012076 9.813275 0.000000 0.000000 0.000000 0.000000 0.000000 0.000000
345 11:59:03.440 69.627500 119.721698 64.578108 75.044401 -0.008410 0.002606 9.793124 0.000000 0.000000 0.000000 0.000000 0.000000 0.000000
346 11:59:03.450 70.108078 119.566084 65.245883 74.798108 -0.016755 -0.018389 9.823531 0.000000 0.000000 0.000000 0.000000 0.000000 0.000000
347 11:59:03.460 69.260179 119.898807 64.604285 74.845482 -0.000812 0.001554 9.812230 0.000000 0.000000 0.000000 0.000000 0.000000 0.000000
348 11:59:03.470 69.919287 120.515090 65.006751 74.940969 -0.031647 -0.010682 9.791418 0.000000 0.000000 0.000000 0.000000 0.000000 0.000000
349 11:59:03.480 70.206163 120.475616 64.485677 74.817439 0.004877 0.010915 9.799218 0.000000 0.000000 0.000000 0.000000 0.000000 0.000000
350 11:59:03.490 70.370636 119.837737 64.885675 74.669524 -0.005762 -0.005776 9.807957 0.000000 0.000000 0.000000 0.000000 0.000000 0.000000
351 11:59:03.500 70.529346 119.414537 64.730377 74.761851 0.006385 -0.001221 9.795282 0.000000 0.000000 0.000000 0.000000 0.000000 0.000000
352 11:59:03.510 70.185180 119.515226 65.629619 75.471996 0.022738 -0.000632 9.805482 0.000000 0.000000 0.000000 0.000000 0.000000 0.000000
353 11:59:03.520 70.067526 120.363415 64.976653 74.511974 -0.009421 -0.002104 9.808865 0.000000 0.000000 0.000000 0.000000 0.000000 0.000000
354 11:59:03.530 70.621078 119.666401 65.348386 75.905681 -0.000338 0.003816 9.797194 0.000000 0.000000 0.000000 0.000000 0.000000 0.000000
355 11:59:03.540 70.157237 120.404204 65.036981 74.075362 -0.007264 -0.008876 9.811652 0.000000 0.000000 0.000000 0.000000 0.000000 0.000000
356 11:59:03.550 69.657800 120.077516 64.416772 74.782553 0.004648 -0.005139 9.816506 0.000000 0.000000 0.000000 0.000000 0.000000 0.000000
357 11:59:03.560 70.877799 119.972487 65.671493 75.296975 0.010857 -0.003166 9.802997 0.000000 0.000000 0.000000 0.000000 0.000000 0.000000
358 11:59:03.570 70.653608 120.400835 65.831423 75.216467 0.012190 0.007976 9.812433 0.000000 0.000000 0.000000 0.000000 0.000000 0.000000
359 11:59:03.580 69.468577 120.248524 65.205486 75.076268 0.004661 -0.000653 9.806385 0.000000 0.000000 0.000000 0.000000 0.000000 0.000000
360 11:59:03.590 69.944853 119.920844 64.799850 74.259467 0.005726 -0.005193 9.807453 0.000000 0.000000 0.000000 0.000000 0.000000 0.000000
361 11:59:03.600 70.175791 120.392104 65.136839 75.436044 0.011883 0.007500 9.814150 0.000000 0.000000 0.000000 0.000000 0.000000 0.000000
362 11:59:03.610 70.244786 120.372537 64.765502 74.588814 -0.001295 -0.004288 9.804052 0.000000 0.000000 0.000000 0.000000 0.000000 0.000000
363 11:59:03.620 69.806305 119.987835 64.777243 74.929811 0.005125 0.010004 9.805687 0.000000 0.000000 0.000000 0.000000 0.000000 0.000000
364 11:59:03.630 69.155151 119.597497 65.127921 75.217984 -0.000095 -0.002859 9.815929 0.000000 0.000000 0.000000 0.000000 0.000000 0.000000
365 11:59:03.640 69.678196 120.360563 66.341125 74.508454 -0.002626 -0.009583 9.795359 0.000000 0.000000 0.000000 0.000000 0.000000 0.000000
366 11:59:03.650 70.018831 120.106197 64.575100 74.965897 -0.012683 -0.014758 9.819267 0.000000 0.000000 0.000000 0.000000 0.000000 0.000000
367 11:59:03.660 70.604818 119.538745 64.892190 75.002058 0.009407 0.013274 9.810233 0.000000 0.000000 0.000000 0.000000 0.000000 0.000000
368 11:59:03.670 69.542797 119.179920 65.032053 74.510578 -0.013850 -0.010372 9.824179 0.000000 0.000000 0.000000 0.000000 0.000000 0.000000
369 11:59:03.680 69.730632 120.589742 64.771251 75.480706 0.000861 0.006710 9.806166 0.000000 0.000000 0.000000 0.000000 0.000000 0.000000
370 11:59:03.690 70.295701 120.065782 65.338003 75.084769 0.005846 0.006795 9.809562 0.000000 0.000000 0.000000 0.000000 0.000000 0.000000
371 11:59:03.700 70.363198 119.932201 65.185859 74.611044 0.001543 0.003219 9.792366 0.000000 0.000000 0.000000 0.000000 0.000000 0.000000
372 11:59:03.710 70.277482 120.596882 65.223944 74.258762 -0.000608 -0.009030 9.788933 0.000000 0.000000 0.000000 0.000000 0.000000 0.000000
373 11:59:03.720 70.501605 119.745286 64.720508 75.137772 0.004868 -0.005033 9.810728 0.000000 0.000000 0.000000 0.000000 0.000000 0.000000
374 11:59:03.730 69.893962 119.042714 64.200439 75.344076 0.015324 -0.001501 9.808982 0.000000 0.000000 0.000000 0.000000 0.000000 0.000000
375 11:59:03.740 70.286035 119.699502 63.797331 74.986848 -0.000560 -0.004163 9.800177 0.000000 0.000000 0.000000 0.000000 0.000000 0.000000
376 11:59:03.750 69.533047 120.067143 65.052830 75.034907 -0.001163 0.002066 9.818488 0.000000 0.000000 0.000000 0.000000 0.000000 0.000000
377 11:59:03.760 70.263230 120.163527 64.930587 74.349232 0.012910 0.002819 9.804951 0.000000 0.000000 0.000000 0.000000 0.000000 0.000000
378 11:59:03.770 70.314676 118.924533 65.115078 75.595000 -0.002193 0.011969 9.818895 0.000000 0.000000 0.000000 0.000000 0.000000 0.000000
379 11:59:03.780 69.965059 119.271356 64.587455 75.050197 -0.005167 0.004330 9.800785 0.000000 0.000000 0.000000 0.000000 0.000000 0.000000
380 11:59:03.790 69.991684 120.175290 64.649506 76.101775 -0.002725 -0.005736 9.796584 0.000000 0.000000 0.000000 0.000000 0.000000 0.000000
381 11:59:03.800 69.804779 118.927234 64.682373 73.672299 -0.013002 -0.013648 9.795665 0.000000 0.000000 0.000000 0.000000 0.000000 0.000000
382 11:59:03.810 69.920153 120.118539 65.046634 75.294512 -0.006423 0.002255 9.803670 0.000000 0.000000 0.000000 0.000000 0.000000 0.000000
383 11:59:03.820 70.127534 120.101575 65.688739 75.548079 -0.003076 -0.007639 9.793923 0.000000 0.000000 0.000000 0.000000 0.000000 0.000000
384 11:59:03.830 70.571948 119.808131 65.645534 75.849855 0.011628 0.003177 9.804283 0.000000 0.000000 0.000000 0.000000 0.000000 0.000000
385 11:59:03.840 69.932033 120.347895 64.499055 73.437819 -0.010905 0.000606 9.822586 0.000000 0.000000 0.000000 0.000000 0.000000 0.000000
386 11:59:03.850 70.341231 120.228874 64.048886 74.996184 0.004353 0.004695 9.820579 0.000000 0.000000 0.000000 0.000000 0.000000 0.000000
387 11:59:03.860 70.142919 119.106392 65.235676 74.860080 0.006155 -0.021348 9.805132 0.000000 0.000000 0.000000 0.000000 0.000000 0.000000
388 11:59:03.870 71.625649 119.732621 64.879488 75.082170 0.014870 -0.020947 9.802836 0.000000 0.000000 0.000000 0.000000 0.000000 0.000000
389 11:59:03.880 70.398020 120.073332 64.810503 74.970110 0.004173 -0.011481 9.800208 0.000000 0.000000 0.000000 0.000000 0.000000 0.000000
390 11:59:03.890 69.782284 119.513342 64.643643 75.834796 0.012302 -0.006009 9.814734 0.000000 0.000000 0.000000 0.000000 0.000000 0.000000
391 11:59:03.900 70.200596 120.432891 63.700544 75.906310 -0.001839 -0.022411 9.803902 0.000000 0.000000 0.000000 0.000000 0.000000 0.000000
392 11:59:03.910 69.309298 119.410981 64.356825 75.311490 0.015891 0.005996 9.821246 0.000000 0.000000 0.000000 0.000000 0.000000 0.000000
393 11:59:03.920 69.899971 120.330947 65.143119 75.063605 0.017920 0.003831 9.802188 0.000000 0.000000 0.000000 0.000000 0.000000 0.000000
394 11:59:03.930 69.480137 120.048640 65.135317 75.334359 -0.012417 -0.010679 9.809520 0.000000 0.000000 0.000000 0.000000 0.000000 0.000000
395 11:59:03.940 69.914747 119.552775 65.288993 75.348572 0.001883 0.003714 9.809065 0.000000 0.000000 0.000000 0.000000 0.000000 0.000000
396 11:59:03.950 69.358049 119.952483 64.762163 74.623171 -0.000995 0.016457 9.791697 0.000000 0.000000 0.000000 0.000000 0.000000 0.000000
397 11:59:03.960 70.504029 120.488887 65.007119 75.504125 0.013553 -0.014350 9.813665 0.000000 0.000000 0.000000 0.000000 0.000000 0.000000
398 11:59:03.970 70.429710 119.378421 64.381961 74.395635 -0.015646 -0.005307 9.802226 0.000000 0.000000 0.000000 0.000000 0.000000 0.000000
399 11:59:03.980 70.249925 120.308351 64.511262 74.483266 -0.006176 0.002647 9.790539 0.000000 0.000000 0.000000 0.000000 0.000000 0.000000
400 11:59:03.990 69.962836 120.025943 64.210070 74.856533 -0.001900 -0.004260 9.804669 0.000000 0.000000 0.000000 0.000000 0.000000 0.000000
401 11:59:04.000 70.059180 120.659972 64.992548 75.388813 -0.005431 -0.005393 9.797937 0.000000 0.000000 0.000000 0.000000 0.000000 0.000000
402 11:59:04.010 70.234624 119.862632 64.606423 74.543321 -0.012631 -0.001508 9.821584 0.000000 0.000000 0.000000 0.000000 0.000000 0.000000
403 11:59:04.020 68.850602 119.619416 65.545585 76.413120 -0.005552 -0.018061 9.810950 0.000000 0.000000 0.000000 0.000000 0.000000 0.000000
404 11:59:04.030 70.516983 120.487625 64.678824 75.170204 0.019398 -0.010070 9.825613 0.000000 0.000000 0.000000 0.000000 0.000000 0.000000
405 11:59:04.040 71.284930 119.829796 64.897067 75.687754 0.004846 0.001609 9.809299 0.000000 0.000000 0.000000 0.000000 0.000000 0.000000
406 11:59:04.050 70.530500 119.523026 65.345427 75.777030 -0.012966 -0.002252 9.794665 0.000000 0.000000 0.000000 0.000000 0.000000 0.000000
407 11:59:04.060 69.544790 120.158928 64.297693 74.880879 0.015278 -0.007591 9.807878 0.000000 0.000000 0.000000 0.000000 0.000000 0.000000
408 11:59:04.070 70.081281 120.112806 64.565797 75.072111 -0.003502 -0.003996 9.802168 0.000000 0.000000 0.000000 0.000000 0.000000 0.000000
409 11:59:04.080 70.916413 120.427941 66.116667 74.329673 -0.012178 0.000127 9.819184 0.000000 0.000000 0.000000 0.000000 0.000000 0.000000
410 11:59:04.090 69.213457 119.737601 65.040260 74.273952 -0.005481 -0.012157 9.804600 0.000000 0.000000 0.000000 0.000000 0.000000 0.000000
411 11:59:04.100 69.986498 120.305969 65.314102 74.927101 -0.010073 0.002661 9.811703 0.000000 0.000000 0.000000 0.000000 0.000000 0.000000
412 11:59:04.110 70.261372 120.631496 64.983963 75.120305 0.025386 0.030506 9.814888 0.000000 0.000000 0.000000 0.000000 0.000000 0.000000
413 11:59:04.120 69.699684 119.785897 64.661506 75.222793 0.010275 0.001752 9.814984 0.000000 0.000000 0.000000 0.000000 0.000000 0.000000
414 11:59:04.130 71.200362 119.581623 65.455585 75.246895 -0.004573 -0.019943 9.806347 0.000000 0.000000 0.000000 0.000000 0.000000 0.000000
415 11:59:04.140 69.471510 119.441297 64.490275 74.925197 0.010837 0.004657 9.818469 0.000000 0.000000 0.000000 0.000000 0.000000 0.000000
416 11:59:04.150 70.532384 120.150432 64.689492 74.870030 -0.001912 -0.002206 9.806572 0.000000 0.000000 0.000000 0.000000 0.000000 0.000000
417 11:59:04.160 70.213385 120.717046 64.788426 75.878526 0.001407 0.010854 9.801089 0.000000 0.000000 0.000000 0.000000 0.000000 0.000000
418 11:59:04.170 69.146850 119.644333 65.190274 74.241875 0.008738 -0.002335 9.804073 0.000000 0.000000 0.000000 0.000000 0.000000 0.000000
419 11:59:04.180 70.161539 119.190062 64.224001 75.126375 0.001745 0.002011 9.802606 0.000000 0.000000 0.000000 0.000000 0.000000 0.000000
420 11:59:04.190 69.798992 119.672671 65.181372 75.360792 0.002938 -0.012816 9.783778 0.000000 0.000000 0.000000 0.000000 0.000000 0.000000
421 11:59:04.200 70.606948 120.345919 64.318133 75.509411 -0.011250 -0.002633 9.791052 0.000000 0.000000 0.000000 0.000000 0.000000 0.000000
422 11:59:04.210 69.787777 120.676256 64.549748 75.600215 0.009221 -0.023771 9.823761 0.000000 0.000000 0.000000 0.000000 0.000000 0.000000
423 11:59:04.220 70.558669 120.235899 64.942438 74.342496 -0.019789 -0.022888 9.817260 0.000000 0.000000 0.000000 0.000000 0.000000 0.000000
424 11:59:04.230 69.857788 120.133137 65.521431 74.236035 0.021846 0.004234 9.831065 0.000000 0.000000 0.000000 0.000000 0.000000 0.000000
425 11:59:04.240 70.114703 119.988728 65.109025 75.315048 0.014970 0.001395 9.813364 0.000000 0.000000 0.000000 0.000000 0.000000 0.000000
426 11:59:04.250 69.155596 120.019874 64.009752 76.299644 -0.007212 0.023427 9.812660 0.000000 0.000000 0.000000 0.000000 0.000000 0.000000
427 11:59:04.260 69.864401 120.352701 65.584281 74.986610 0.002595 -0.015924 9.804326 0.000000 0.000000 0.000000 0.000000 0.000000 0.000000
428 11:59:04.270 70.070172 119.941386 65.133391 75.545979 -0.001953 0.007419 9.816263 0.000000 0.000000 0.000000 0.000000 0.000000 0.000000
429 11:59:04.280 70.036950 121.086937 65.085748 74.936280 -0.009115 -0.005278 9.812100 0.000000 0.000000 0.000000 0.000000 0.000000 0.000000
430 11:59:04.290 69.838856 120.375846 64.667496 74.970042 0.003654 -0.006061 9.795637 0.000000 0.000000 0.000000 0.000000 0.000000 0.000000
431 11:59:04.300 69.854320 120.232629 64.616016 74.986870 -0.001859 0.000904 9.804331 0.000000 0.000000 0.000000 0.000000 0.000000 0.000000
432 11:59:04.310 69.472691 121.009572 64.906938 74.397385 0.001062 0.003414 9.824912 0.000000 0.000000 0.000000 0.000000 0.000000 0.000000
433 11:59:04.320 69.960548 121.002068 65.157926 75.278770 -0.006106 0.006833 9.790942 0.000000 0.000000 0.000000 0.000000 0.000000 0.000000
434 11:59:04.330 69.800593 119.874545 63.967837 74.598847 -0.006204 0.014145 9.809834 0.000000 0.000000 0.000000 0.000000 0.000000 0.000000
435 11:59:04.340 69.767894 119.100613 65.041842 75.386232 -0.000785 -0.007456 9.805547 0.000000 0.000000 0.000000 0.000000 0.000000 0.000000
436 11:59:04.350 70.338719 119.941616 65.057428 74.563640 -0.017972 -0.002380 9.803516 0.000000 0.000000 0.000000 0.000000 0.000000 0.000000
437 11:59:04.360 69.948774 120.133389 65.277149 75.095900 0.002330 0.002122 9.815473 0.000000 0.000000 0.000000 0.000000 0.000000 0.000000
438 11:59:04.370 70.917067 120.693735 64.958592 75.173322 -0.011093 -0.003931 9.824690 0.000000 0.000000 0.000000 0.000000 0.000000 0.000000
439 11:59:04.380 69.558687 120.021084 64.738071 75.078778 0.017504 0.002312 9.807683 0.000000 0.000000 0.000000 0.000000 0.000000 0.000000
440 11:59:04.390 69.812345 120.290532 65.100798 75.085897 0.007361 0.008505 9.805134 0.000000 0.000000 0.000000 0.000000 0.000000 0.000000
441 11:59:04.400 70.248875 118.893559 64.422424 75.290134 0.010017 0.002160 9.806535 0.000000 0.000000 0.000000 0.000000 0.000000 0.000000
442 11:59:04.410 70.036451 119.360375 65.009212 75.006835 0.024418 -0.014983 9.788432 0.000000 0.000000 0.000000 0.000000 0.000000 0.000000
443 11:59:04.420 69.880782 119.559047 65.047521 75.158069 -0.010099 -0.010847 9.823198 0.000000 0.000000 0.000000 0.000000 0.000000 0.000000
444 11:59:04.430 69.848618 120.229376 65.119934 75.561204 0.017159 0.013900 9.795706 0.000000 0.000000 0.000000 0.000000 0.000000 0.000000
445 11:59:04.440 69.821416 119.543397 64.325392 75.095676 -0.006105 -0.006105 9.820936 0.000000 0.000000 0.000000 0.000000 0.000000 0.000000
446 11:59:04.450 69.967685 120.040692 64.545316 75.044614 -0.000898 0.008748 9.829112 0.000000 0.000000 0.000000 0.000000 0.000000 0.000000
447 11:59:04.460 70.729659 120.425072 64.793864 75.301571 0.000666 -0.014535 9.802722 0.000000 0.000000 0.000000 0.000000 0.000000 0.000000
448 11:59:04.470 69.094850 120.555900 64.966290 74.783053 -0.013016 0.006420 9.798845 0.000000 0.000000 0.000000 0.000000 0.000000 0.000000
449 11:59:04.480 70.513980 120.477159 64.913749 75.458247 -0.015412 -0.006297 9.822335 0.000000 0.000000 0.000000 0.000000 0.000000 0.000000
450 11:59:04.490 70.099388 120.239151 65.307028 74.873613 -0.017805 -0.000034 9.803222 0.000000 0.000000 0.000000 0.000000 0.000000 0.000000
451 11:59:04.500 69.920725 119.478813 65.029318 74.856342 -0.003228 0.021730 9.819903 0.000000 0.000000 0.000000 0.000000 0.000000 0.000000
452 11:59:04.510 69.869518 118.768326 64.920959 75.425986 0.012637 0.001713 9.805992 0.000000 0.000000 0.000000 0.000000 0.000000 0.000000
453 11:59:04.520 69.429129 120.016159 65.563975 74.839602 -0.006356 -0.005547 9.822421 0.000000 0.000000 0.000000 0.000000 0.000000 0.000000
454 11:59:04.530 70.432874 120.451136 64.398930 75.227631 0.015392 0.008777 9.811265 0.000000 0.000000 0.000000 0.000000 0.000000 0.000000
455 11:59:04.540 69.850018 120.348084 64.343764 74.648398 0.008945 -0.002449 9.796525 0.000000 0.000000 0.000000 0.000000 0.000000 0.000000
456 11:59:04.550 69.850203 120.150722 64.190181 75.030657 -0.004726 0.001797 9.809759 0.000000 0.000000 0.000000 0.000000 0.000000 0.000000
457 11:59:04.560 70.431797 120.213054 64.808471 75.277538 -0.002361 -0.005499 9.801354 0.000000 0.000000 0.000000 0.000000 0.000000 0.000000
458 11:59:04.570 70.333903 120.203989 65.973728 74.624589 -0.009422 -0.007975 9.832054 0.000000 0.000000 0.000000 0.000000 0.000000 0.000000
459 11:59:04.580 69.501104 120.655057 65.021141 74.982697 -0.001360 -0.014136 9.814326 0.000000 0.000000 0.000000 0.000000 0.000000 0.000000
460 11:59:04.590 70.497125 120.284848 65.203280 74.031430 -0.013058 0.003946 9.818466 0.000000 0.000000 0.000000 0.000000 0.000000 0.000000
461 11:59:04.600 70.899222 119.516185 65.603700 74.549919 0.001093 -0.006909 9.809168 0.000000 0.000000 0.000000 0.000000 0.000000 0.000000
462 11:59:04.610 69.972261 120.317518 65.280964 74.160731 0.006400 0.006732 9.809273 0.000000 0.000000 0.000000 0.000000 0.000000 0.000000
463 11:59:04.620 70.316803 119.252256 64.718795 75.351759 -0.013027 -0.005537 9.811961 0.000000 0.000000 0.000000 0.000000 0.000000 0.000000
464 11:59:04.630 69.843229 119.521164 64.822079 75.361398 -0.002904 -0.008861 9.791576 0.000000 0.000000 0.000000 0.000000 0.000000 0.000000
465 11:59:04.640 69.412005 120.071493 64.731565 74.606450 0.000569 -0.000784 9.811243 0.000000 0.000000 0.000000 0.000000 0.000000 0.000000
466 11:59:04.650 70.266010 119.832677 65.719536 75.421934 0.002118 0.007462 9.808560 0.000000 0.000000 0.000000 0.000000 0.000000 0.000000
467 11:59:04.660 70.001992 119.724088 64.824413 76.026179 0.012533 0.004582 9.820767 0.000000 0.000000 0.000000 0.000000 0.000000 0.000000
468 11:59:04.670 69.612924 120.529101 65.418367 74.246025 0.002438 0.001588 9.807365 0.000000 0.000000 0.000000 0.000000 0.000000 0.000000
469 11:59:04.680 69.807958 119.766871 65.054101 75.277657 0.019179 -0.005222 9.809824 0.000000 0.000000 0.000000 0.000000 0.000000 0.000000
470 11:59:04.690 70.476788 120.447561 64.735987 75.168051 0.003176 -0.003190 9.808673 0.000000 0.000000 0.000000 0.000000 0.000000 0.000000
471 11:59:04.700 69.696888 120.286405 65.127809 75.013640 -0.007875 -0.000438 9.803048 0.000000 0.000000 0.000000 0.000000 0.000000 0.000000
472 11:59:04.710 70.607609 118.732054 64.201961 75.184643 -0.006930 0.029642 9.804837 0.000000 0.000000 0.000000 0.000000 0.000000 0.000000
473 11:59:04.720 69.358109 119.364244 64.804966 74.406767 0.001591 0.001700 9.799363 0.000000 0.000000 0.000000 0.000000 0.000000 0.000000
474 11:59:04.730 68.880050 120.444134 64.769066 75.709058 -0.002337 -0.014192 9.806241 0.000000 0.000000 0.000000 0.000000 0.000000 0.000000
475 11:59:04.740 70.238081 120.376789 63.944926 74.226251 -0.004303 -0.004884 9.815923 0.000000 0.000000 0.000000 0.000000 0.000000 0.000000
476 11:59:04.750 69.440704 120.288597 64.936241 74.852237 0.021138 -0.014348 9.822687 0.000000 0.000000 0.000000 0.000000 0.000000 0.000000
477 11:59:04.760 69.051786 120.766626 65.538050 74.908128 -0.012037 0.009512 9.810526 0.000000 0.000000 0.000000 0.000000 0.000000 0.000000
478 11:59:04.770 70.288045 120.174462 64.967525 74.953951 0.009132 0.007578 9.805743 0.000000 0.000000 0.000000 0.000000 0.000000 0.000000
479 11:59:04.780 69.369231 120.370264 65.083230 75.477617 -0.005941 0.008054 9.819630 0.000000 0.000000 0.000000 0.000000 0.000000 0.000000
480 11:59:04.790 70.035263 119.668019 64.059687 75.106454 -0.012019 0.005244 9.806862 0.000000 0.000000 0.000000 0.000000 0.000000 0.000000
481 11:59:04.800 69.789283 119.834260 64.732226 75.810407 -0.011244 -0.004921 9.798162 0.000000 0.000000 0.000000 0.000000 0.000000 0.000000
482 11:59:04.810 70.327733 119.501803 65.021789 76.099614 0.005071 0.004202 9.832343 0.000000 0.000000 0.000000 0.000000 0.000000 0.000000
483 11:59:04.820 69.636126 119.209601 64.591667 74.645222 0.014818 -0.002584 9.824494 0.000000 0.000000 0.000000 0.000000 0.000000 0.000000
484 11:59:04.830 70.776555 121.109515 65.312293 74.490828 0.002296 0.000391 9.806623 0.000000 0.000000 0.000000 0.000000 0.000000 0.000000
485 11:59:04.840 69.555784 120.548800 64.946915 74.425626 -0.007400 -0.002768 9.833398 0.000000 0.000000 0.000000 0.000000 0.000000 0.000000
486 11:59:04.850 69.870050 119.506709 65.260951 75.038953 -0.016874 -0.013160 9.817454 0.000000 0.000000 0.000000 0.000000 0.000000 0.000000
487 11:59:04.860 70.121275 119.585016 65.083590 75.207166 -0.010841 -0.006284 9.817761 0.000000 0.000000 0.000000 0.000000 0.000000 0.000000
488 11:59:04.870 70.349252 120.004154 64.895707 75.012631 -0.021468 0.010016 9.825520 0.000000 0.000000 0.000000 0.000000 0.000000 0.000000
489 11:59:04.880 69.884955 119.934492 65.905006 74.376020 -0.010995 0.004338 9.803556 0.000000 0.000000 0.000000 0.000000 0.000000 0.000000
490 11:59:04.890 69.992486 119.090830 65.563083 75.389087 0.005572 -0.005674 9.809115 0.000000 0.000000 0.000000 0.000000 0.000000 0.000000
491 11:59:04.900 69.886702 120.254903 65.152330 75.107058 0.000591 0.017287 9.789500 0.000000 0.000000 0.000000 0.000000 0.000000 0.000000
492 11:59:04.910 69.426917 119.810476 65.549625 75.072557 0.007727 -0.008130 9.818289 0.000000 0.000000 0.000000 0.000000 0.000000 0.000000
493 11:59:04.920 70.555748 120.281564 64.021559 74.650266 0.011334 0.001345 9.811297 0.000000 0.000000 0.000000 0.000000 0.000000 0.000000
494 11:59:04.930 69.478873 120.202471 65.779100 74.685869 0.001024 0.018191 9.819832 0.000000 0.000000 0.000000 0.000000 0.000000 0.000000
495 11:59:04.940 69.954712 119.722717 64.504858 75.300006 -0.002823 0.013762 9.817420 0.000000 0.000000 0.000000 0.000000 0.000000 0.000000
496 11:59:04.950 70.197829 120.364495 65.188278 75.364051 -0.000834 -0.003543 9.790256 0.000000 0.000000 0.000000 0.000000 0.000000 0.000000
497 11:59:04.960 70.126013 119.021689 64.978581 75.056950 -0.010640 -0.000713 9.807398 0.000000 0.000000 0.000000 0.000000 0.000000 0.000000
498 11:59:04.970 70.592992 119.669307 64.992796 74.925198 0.007634 -0.008300 9.811402 0.000000 0.000000 0.000000 0.000000 0.000000 0.000000
499 11:59:04.980 70.817914 119.962971 65.595979 74.700383 -0.001956 -0.002953 9.808052 0.000000 0.000000 0.000000 0.000000 0.000000 0.000000
500 11:59:04.990 69.401237 119.708137 65.159305 75.963743 -0.005955 0.002425 9.805578 0.000000 0.000000 0.000000 0.000000 0.000000 0.000000
